feature_0,feature_1,label_0
1.3796443379919943,-0.0017621980091606648,1
1.0433118059358288,0.9032821824872551,0
0.5794323353530642,0.8095154714714955,0
1.4797454339287506,0.031779597068545884,1
0.1254981038672456,0.05758148230605642,1
-0.5319549460454528,0.8156075166549112,0
0.4669359499798085,-0.5265731917486143,1
0.6484977649159516,0.9040219887999622,0
-0.7223946350666323,0.789752370673929,1
2.221093974298312,0.3146651951758274,1
1.9498927941450916,0.12241015584382686,1
0.3253459562452624,0.9143448768162028,0
-1.5640314738335475,0.32493183258109015,0
-1.2391367429552385,1.0172023162181723,0
-0.3866465611631389,1.0271522294324058,0
2.143505152253454,-0.366322602402302,1
-1.389998587203733,0.5621117075039896,0
0.4905153769377513,-0.229037381649293,1
2.092951503856248,-0.22824493056647432,1
0.8148048581727139,-0.2914270733299608,0
-0.6336932264426727,0.5575297294371103,0
1.4770158991828048,0.39584607692189394,0
-0.10881081849388938,0.0580909662664324,1
-0.27278207627361706,1.0663843755938438,0
0.798537456600617,0.5568761827337321,0
-1.1782549379926943,0.6547572714131829,0
-0.9637381904639506,0.10089497996832159,0
1.1720983058805898,0.06304063340154942,1
0.519026979001242,-0.11591594618268491,1
1.9543755383206056,0.6848659032070769,1
-1.0563822486945496,-0.2510696159486773,0
-0.45473712202575967,0.8116126762097962,0
0.10273485276937039,1.1512069764376136,0
0.19713136528554712,0.19414879463098977,0
0.8450163397862525,-0.2067064474963648,0
0.15381942491390121,0.05890422550701849,1
0.06711425969683338,1.1545274970897985,0
1.0821782126511583,-0.3661031135406173,1
1.1610940860869845,0.2360448162525819,0
1.2014826622173516,0.09681812967270104,0
0.17159634896061787,0.814150910086033,0
0.5980440401842514,0.9821643852265959,0
0.05507286594173517,0.5620343262897383,1
0.4859110783622369,1.222902495359391,0
2.0100097907322487,-0.07066492839807287,1
-0.9563719038673623,-0.006938967241218508,0
1.869352405408127,0.270196129495458,1
-0.4799047767486253,0.08741223652952956,1
0.8030868083428888,-0.6012302824448452,1
1.3105841516785552,-0.3328340842323957,1
0.2632692058429742,-0.33947227836484395,1
1.0139284469644914,-0.13565220225404628,1
0.29153281863236497,-0.2015333680400495,1
0.08575425290597798,1.1817699660179237,0
0.30997779425916366,1.1049107096101698,0
-0.1319639412886904,1.1554808618176966,1
-0.22001721025898757,0.19810797348236467,1
0.34782672592660463,-0.9617554624762544,1
-0.9863987676033381,0.8283629961941325,0
0.7464139121829481,-0.2664723799841229,1
0.31495262868632046,-0.42965693320578935,0
0.30664758059342445,0.9571762287783505,0
-0.499325809871059,0.5139999341971688,0
-0.5579405058685496,0.5727334235396209,0
1.6589324006229722,0.3877884894848995,1
0.16462370722795688,1.082910769746203,0
-0.6616089450093552,0.7573915990265008,0
0.5474676044072369,0.8306193225055725,0
1.2609026657506408,-0.5995815954536117,1
0.06768443016223985,0.9697331664507864,0
-0.5467320267960416,0.5337831179565,0
-1.2345794175264926,-0.0018127802941971388,0
-0.30160471492314367,0.23050805009783149,1
-0.6530210414781998,0.6256100487535843,0
-0.7018051241749784,0.1058573343736634,0
0.7188812532028019,-0.48494090013510843,1
0.5400391884506528,0.2870397819037395,0
1.2056182876597612,-0.48233714589996063,1
1.406956696916409,-0.6887278846317819,1
1.7898610252803742,0.25783145077566183,1
0.14226903711853472,0.5609661482261431,0
0.8864865121660294,-0.14981590528858296,1
0.8443491013562485,-0.2006058977635369,1
0.7380302300076184,-1.067342867487398,1
0.5829109203204308,0.8367529479381448,0
0.6203214282393694,0.9257018234400188,0
0.40498314043758465,0.3789005448344225,1
0.37180600158180765,0.40179528263637354,0
1.7467607653088422,0.1011864646461556,1
1.0307709801469276,-0.6092800259726742,1
-1.0794292895975772,1.072768324461112,0
0.07154546548975305,0.9064671248259658,0
-1.1066105948693172,0.5950227489009352,0
1.6665443515884766,0.23363220132618973,1
1.220321975362403,-0.29762494765038283,1
0.028678615496057124,0.6171339846866662,1
0.6628771084906669,0.7401179143477681,0
-0.4572179154172356,0.5938644792675389,0
1.6721399220807802,0.015185101128538797,1
1.8888674959372476,0.715830220734142,1
0.48066160648256706,0.8656156501011637,0
1.2512943748704366,0.43234746526819945,0
0.536915888074462,0.6175061861365522,0
0.4875195514393866,0.23196577602498478,0
1.7960920603865542,-0.7333177177875405,1
0.5404845666845497,0.09866405838768744,0
-0.09159291847627604,0.5423654505960838,0
-0.7289490182778339,0.08375163357491627,0
0.16784275187042022,0.45339510310313846,1
0.30677998337677787,0.006583868509241725,1
-0.40801006853349814,0.4197533145987096,1
0.7500922762209893,-0.5141670818170704,1
-0.9512344391030938,0.5112638909970244,0
-0.8921802244008284,0.40069373800971675,0
1.5321610551170024,0.3973761878994214,1
-0.1371929167774586,0.26828217058136733,0
0.7263543217773659,0.6164094470327279,0
-0.5790712457270323,0.7493479382365866,1
2.1470368314736716,0.0800542700847276,1
1.1211566629856828,-0.39409258917612655,1
0.5431623877456971,1.411492413750402,0
-1.229104279395623,0.7923474105243661,0
1.9497585988765158,0.12429633192634834,1
-0.2565984184306586,1.5065761108867326,0
1.2811318303556116,0.32736601486886974,1
1.678688101058715,-0.26969279912524935,1
0.14897424972105008,0.8692369392274493,0
0.5871919622823936,0.5483121288868371,0
0.9265767951465537,0.7186397817053077,0
0.45991816763948506,1.0292053601829034,0
0.19920797795929526,0.9084085397761414,0
-0.08912730843345182,0.7979157621947768,0
0.693734695381019,-0.4171256330059503,1
-0.016669557858566775,0.9886224286595297,0
0.24163752667430533,0.5629131368056821,0
0.7868807346072422,1.2648825633698895,0
-0.16168490050469922,0.7919644718767801,0
1.8425392516914694,0.17631862731609838,1
1.3344781889346629,-0.6566844689371873,1
1.2143524204878493,0.3515979377091932,0
1.1357268553986595,-0.15091400474725175,0
2.0990934028597024,0.07491599789727216,1
1.2173986093551084,-0.01307697102574884,1
1.009253239905761,0.6541773133228072,0
1.5531509181220984,-0.5702240104919629,1
-0.14792504724704478,1.4493744312138424,0
-0.7647458055836293,0.8820363077904266,0
2.0996409198179515,-0.40230763101049866,1
1.9412144227626051,-0.480935214193776,1
2.414831788371283,0.02751244745081452,1
0.010809640111038465,1.3217355426205248,0
1.4098486694257761,0.07460879835938339,1
1.7483937917410295,0.03333036419899432,1
-0.5855038441371392,1.396325507925252,0
1.4611120689491168,0.3208927618872577,1
1.437975009312459,-0.32699125805719725,1
1.1139552901290972,-0.9377079767821698,1
1.4486304779219594,0.053171958762137206,1
1.6512405908599814,0.1908308343605645,1
0.6798010003380504,0.37834599876799163,0
1.520290646256846,-0.5527943727388968,1
1.8331494076173085,0.5060485876206207,1
1.571046755125466,0.18229471184310983,1
-0.8979259622176687,-0.25484540896801594,0
-0.9951038097065057,0.5101441152636995,0
0.02277390888669724,0.27826308087201634,1
0.43181241631045947,1.0532251533176775,0
0.6418112638899622,0.7906985136196318,0
-0.6913997755523735,0.7061775250195165,0
1.4531665427351563,-0.1116937932554169,1
-0.7222942425048351,0.8802032772609932,0
-0.3738727383075481,0.3986636079793623,1
0.09823174920393203,0.08087503011892155,1
0.0005144583522066065,0.802495921480539,0
0.9468319683609052,-0.22304123255425312,0
-0.7922341836276272,0.4408198351647238,0
1.3658878302681419,-0.32994466416210466,1
1.4523851130017953,-0.5547732974727604,1
0.5549544074396184,-0.21162836278196628,1
0.4490851522926447,-0.23976679503140327,1
0.49990134988625773,0.05296613600461819,1
-1.2230517525279339,0.08908511557147507,0
-0.7347898428553377,0.10810658753637475,0
0.6894362280393067,-0.22223102641159698,1
-0.9685662467336845,0.14002998136711742,0
0.06887057222802132,1.3326185744966235,0
-0.23932552855319728,0.7058780558612587,0
0.10083353969898312,-0.10361215661208432,1
0.6872530751505279,-0.38777587510252887,1
0.3798234568533255,0.01061293699518795,1
-0.30467183456298474,0.5840146957895216,1
1.2913531465724133,-0.03138038666711329,1
-0.6953902021437657,0.22304203219452307,0
-0.7066450694226774,0.7986803747355391,0
1.6493141043213797,0.07477864772421594,1
0.6211888061238059,-0.23525343457577458,1
1.0071481644091327,-0.5450422772294503,1
1.0108522484425198,-0.6390255364599239,1
-0.3043180012293445,0.6824710076433236,0
-0.5559634872161703,1.5038789167248539,0
0.026424289742969176,-0.2861929065683634,1
-1.64271670265284,0.5915664158340694,0
1.6357562588496515,-0.17557402663173233,1
0.3774572804935808,-0.5675092224828049,1
1.066368382659745,0.06296237869956106,0
0.07992241831871483,0.7465602314200785,0
1.7943031807736056,-0.6921995373279469,1
0.5691439252579915,-0.1317797956682949,1
1.8060399450579812,-0.6734473333168054,1
0.853126748654321,0.0670372758913427,0
1.2971569545825483,0.7511389450836181,0
-0.00831396672563233,0.08594939975385296,1
0.37807630682847193,0.6650246739633605,0
-0.8145588839475886,1.1570942876290904,0
-0.7623312446401816,0.8430754709493798,0
2.1784275920902925,-0.22502971589736726,1
-0.9106249980971352,0.6073083536099358,0
-0.21527182363140437,0.9640984226785607,0
-1.1485404984494934,-0.0031611273839030896,0
0.21264561966201434,-0.006803939322934299,1
1.5794778704803456,-0.13087282223114793,1
-0.7898034144999319,-0.1291663706539234,0
2.1252755064658304,0.5730385917530118,1
1.0244318778923696,-0.34715269314321767,1
-0.9492457680954536,0.11025309302681204,0
0.6168802602959731,-0.26736725787072,1
0.8862915789266093,0.6932698708919716,0
-0.8337890570403299,0.51762842368429,0
1.0381933890115334,-0.25286179365407924,1
0.8841743717279541,-0.48467966458460743,1
1.2957181685594132,0.4169254115603884,1
0.21117463861827918,0.4923884233616859,0
0.7903424975502653,1.3391615225579536,0
0.9568064542846472,0.6052011201760336,0
1.2657089075278767,-0.5823314972045484,1
-0.17986456550946578,1.0021047336273148,0
0.637106070945132,-0.28347279724342805,1
-0.7220522932571597,1.3794411873730401,0
0.9457235999686368,0.07222207382073365,0
1.767741765484269,-0.28883590209178905,1
-0.2578862502491818,0.5283989710150336,1
-0.5550564057946407,0.8138846624353937,0
-0.002692794983193275,0.6493357134925611,1
2.1661427159430113,0.45164002366299033,1
0.8595022780934344,0.28674569817356566,0
1.2140864934789,0.3200867783223869,0
-0.7481960818688965,0.39344251943453623,0
-0.7196840924367187,0.5673520315583582,0
0.5839700662834157,0.7343086134969811,0
1.1989177838828966,-0.09494308370730836,0
-1.409201019524957,0.1410989442343882,0
0.8673078295303697,0.7348360424471028,0
0.46813503624012076,0.9244482874368288,0
0.7754586126141955,-0.5670041606946788,1
1.7956053247971802,0.42311041651270415,1
2.0399271193859017,0.48129571503717455,1
1.729720729675531,-0.31380136750499166,1
1.5644138779260746,-0.3986174297309584,1
-0.9727872758187579,0.8153739713847552,0
-0.7668011131696884,0.9844223053800636,0
-1.066239370638196,0.18105973770598938,0
0.09843264073473829,1.008721724112831,0
-1.0813558001404464,0.2506640825155536,0
0.6348258909736588,-0.30320143262364263,1
0.9094069350688603,0.03017328554977572,0
0.517716326652202,0.9660243316083983,0
1.4462072842496747,0.3448604059415466,1
-1.3580378801370776,0.03518524518566382,0
1.3572847398969785,0.17080849710791068,1
1.9622238589261427,-0.3442417065512338,1
1.6986547344186254,-0.42695596589843776,1
1.6831677189742047,0.03258539908884284,1
-0.4187663246295438,0.8731706884147509,0
1.4258627346419845,-0.17626874252024263,0
-1.3570932028567104,0.20560344051899593,0
2.3352060974495044,0.1823254709020919,1
0.002068311627623498,0.797039335740936,0
-1.2723901449269763,0.17864211924941703,0
1.7495543114633496,0.3512372117942869,1
0.41952473168620935,0.786177514238749,0
1.0246888094455333,0.2493424749593524,0
-0.12857732810205932,1.0674707699114578,1
-1.0108489717148554,0.4016144515396054,0
-0.24471300891720926,0.5784298200089176,1
0.9994226977955883,0.1846602007554403,0
2.175661007480902,0.11230832815610939,1
0.38192238175417154,-0.03537943610326165,1
-0.15177248587574588,0.9499797162558696,0
1.344434081488993,-0.33925994680373206,1
0.43800311308466644,0.7998726541694781,0
-0.4256555206257686,0.4438788952980838,0
1.181487150857113,-0.4296637334858833,1
1.6417410329166027,0.22971762131409645,1
1.8414336832557803,0.01305701624328226,1
-0.9157875961869594,0.14847347245266218,0
0.3433477029069998,1.3545994404687816,0
0.47722107204908515,-0.6141396360347867,1
0.6227179955156501,0.16005596223906143,1
0.9397281762578371,-0.44427667859486525,1
1.250933247917738,-0.07396266635536597,1
-1.0932381615548439,-0.09277712411779729,0
0.16669493507267585,1.4575084363209911,0
-0.6696377742845189,1.1735110585610489,0
0.06475781319177562,-0.37241196422176653,1
-0.5749159736424475,0.44687116823608214,0
0.5061155523593195,-0.10455122538691822,1
1.1030311590656146,-0.9081393479396496,1
-0.24848571360333124,1.1443644482146413,0
0.6374522453951911,-0.5618940741977466,1
0.924297827841239,-0.08479551673018029,0
0.4595351220449337,-0.2882820510530398,1
1.1206856444601805,-0.32232476358875184,1
-0.5135034860344725,0.20471406057582983,0
-0.24051182149404965,0.685580193571113,0
1.146984343666829,0.5331534872607178,0
1.4400717411162998,0.18746335086379268,1
-0.6989199984064307,-0.4092314899386583,0
0.1489251128105845,0.4845279310907644,0
-0.5351715275254849,0.6422519691236269,0
0.44912712685925293,-0.27507468143778624,1
0.6025449521847329,0.8219159446434983,0
-0.5661197152060049,0.9364615579435511,0
0.8236454604501298,0.5177534260318449,0
-0.07438676365775274,1.182613522218115,0
-0.3724066314788192,0.18535451159494032,1
1.406563851764797,-0.3803244919125996,1
-1.2878145805092933,0.08538579881077157,0
0.7025028943800264,0.5051717622799419,0
1.7083840479117751,0.41829500115685636,1
-1.0138011732695666,0.8006333052588335,0
-0.04050593819127152,0.3073993253582755,1
1.858715763961439,0.042272455093070815,1
0.024026027360246394,0.5994117634708163,0
-1.215733081763633,0.48477903305279285,0
0.041051511709594916,0.4509646877442268,1
0.17301781200637,1.1713370201579676,0
-0.9065145565524562,0.7065436105162459,0
0.932300464213579,0.233012357004521,0
0.9563884300721736,0.16030615999851122,0
1.6343986328653493,0.18389947497081172,1
0.47945892091027614,-0.5515445826720533,1
-0.01697444019892358,-0.23163232085069735,1
-0.7935606668203966,0.9479907929177599,0
0.20311970640747198,0.19345924293307673,1
2.016712845277311,-0.46831074049329413,1
1.774631021693989,0.4302382883981406,1
0.5338249049625319,0.6229946485391957,0
1.822886149778343,-0.4891846147427987,1
0.4636254296368524,0.4975420951555146,0
-1.0165984279713522,0.5387502292391076,0
0.3158785776437214,0.8037236061908686,0
-0.3549918708347716,0.9461904271052455,0
1.5370695733915545,0.2676769879981302,1
1.1772190364843962,-0.36232231393708536,1
0.8093531321955364,0.8319836759454621,0
0.9752381998195615,-0.36304209891473144,1
0.8002804980102598,0.05350907429409982,0
0.20022071364510097,-0.5770972031654998,1
0.6983959758748142,0.5632145603010605,0
-1.172065171458405,0.7093796414353835,0
0.7502219045466983,-0.6820158734625175,1
1.271201624034025,-0.9516424626055573,1
1.8549819863483774,-0.3798709999128812,1
0.006332921245727596,0.4727193399217469,0
0.7187989036047977,0.4258187047011742,0
1.5313120406598486,-0.3821653670070072,1
1.3587974522059614,0.7186062577723622,0
0.2926309999650859,1.1026306445003105,0
-0.8513023631181023,0.501655860395017,0
-0.787199527960231,0.9782012456599044,0
0.6343226635602648,0.4560523328768003,0
0.9471636669481331,-0.41323080850242555,1
1.0210966918628521,0.02757436966474497,1
1.2055754349771952,0.4336488005452216,0
1.2560658620264071,0.2313047403046138,1
0.22516396341810752,-0.5187283413838654,1
0.8309153749168925,-0.30299999441666126,1
1.0124813393008796,-0.489577708438771,1
2.1020827299843647,1.0102871339369148,1
0.038082459505179966,1.1931889825668731,0
0.7600203093634692,0.10426615251230487,0
0.2389038783172575,0.7103793318311704,0
0.8363211288422776,-0.8626855699339928,1
0.2850277575158798,-0.13186098021535558,1
0.25214381934632357,-0.2895095040211256,1
0.36766291350713165,-0.5590871607129417,1
-0.6274289076937498,0.09492755949661609,0
1.6836624873458057,-0.23676748932664973,1
0.5422300392534135,0.02118122192030223,0
-1.1014686517106227,0.3598346724258214,0
0.14259656945136756,0.7145001526525422,0
-0.12911484212369442,-0.3075694118246046,1
1.5396280961653392,-0.42876087628104875,1
0.05189030853965737,-0.7098078447798616,1
1.768277039683515,0.3500993941574504,1
-0.12272050358930842,-0.3669490293617984,1
0.08494319075212639,1.3810002798915908,0
0.19054542520159043,0.2037298901790671,1
1.7230836820826765,-0.9223464697976531,1
1.5988178782035123,-0.06329749572078909,1
0.4138382159234751,1.265624210998994,0
1.8583969990976232,0.11013029721769002,1
2.1743148857519925,0.8114904593622625,1
0.701432994168606,-0.17677105955739947,1
-0.8843007870415027,0.7915625046466567,0
1.499426391409123,0.051466425808985444,1
1.1952534563407524,0.3945029261936157,1
0.27098991429341635,0.10075981884730521,1
-0.9976675350036045,0.8816733644837039,0
0.14110879461816994,0.8960336610174016,0
2.1551311097984014,-0.4174820230698737,1
2.724080905082456,0.6111335766868866,1
0.271292132799345,0.10771971680079775,1
0.13784586676252086,0.6481105624135899,0
0.9781136048313328,0.8140796743687098,0
-0.23238925453077755,1.6602790971326584,0
0.16996773803403237,1.323953532324778,0
2.4516177279987277,-0.5771950601814558,1
-0.9676393217619887,0.1537212327772402,0
1.1991017071949543,-0.7230739388549514,1
-0.09875035652992233,1.8310015449786574,0
-0.1736620303518146,0.38821036205837917,0
-0.7747441542575823,0.13513245066704843,0
0.9338623455716557,-0.7833107072198818,1
-0.6755122290131119,0.2324390958097624,0
-1.1387471563662173,0.6300467279909124,0
-1.3311858279504905,0.660882163502307,0
1.4500144363819358,0.44103050030790764,1
0.3950504245615174,0.042690151593900105,1
0.1673651575105057,-0.2998597167067016,1
0.988792438494419,0.6697120238673125,0
1.884791827471854,0.4951836377643142,1
-0.05351211185374434,-0.17736985506973918,1
-0.6696854635139753,0.9051782383347737,0
-0.7234919800648851,0.7548260175570073,0
0.12373726285656172,-0.4615388502266709,1
-0.010142775865117304,1.0051365816034465,0
-1.1629049754798204,0.6542437422165099,0
0.7197227237686139,-0.2869650530694893,1
0.9241650110727146,0.3019494637107988,0
1.1302811290770765,-0.19286734563895624,1
-0.23704733125751626,0.6796914715880364,0
-0.16456861002993606,1.2736537185370138,0
-1.4227485817754957,0.5126565366137553,0
2.0989431511753436,0.6648992420064328,1
2.0352930733198136,-0.2827593646354616,1
1.225130980849297,-0.6065845317599928,1
2.009343011021848,-0.4094515995880048,1
1.394778103272767,-0.3819664621654928,1
1.2502987886982209,-0.6422619876640728,1
-0.36852791098682175,0.765584657141851,0
-0.19554720900159567,0.644505057815181,0
1.023064347713235,-0.5958029410038472,1
1.1016705820036907,0.5427397899925814,0
2.168471402520973,-0.11572714020689176,1
0.34019619157999686,-0.4728949839825809,1
1.105755560199586,-0.7388053476890781,1
0.6388638701230845,0.6288160730512286,0
-1.279967887537211,0.6459239143960339,0
0.9494811156555529,-0.8839450752012721,1
1.6113534369506106,0.031614681109982445,1
-1.5055640177979421,-0.1587829529207671,0
0.5050931072390294,1.111711177433407,0
2.5200768964303166,0.0870829336269267,1
-0.3601874282010944,0.7768114711187359,0
1.6422486616723742,-0.4822368444502937,1
-1.0954231792105402,0.1475385751917141,0
0.962076703624339,-0.47947736152708453,1
-0.9604143679732515,0.12389601251324159,0
0.4454930007491468,0.4427488075092352,1
1.9337948380811427,0.17134615035458806,1
-0.7359241096883652,0.7029186166487412,0
-0.15365502994062447,0.08903381704658017,1
-0.02493381437283819,0.86014553142084,0
-0.3298653403921607,1.0058568170528137,0
1.365690101853632,-0.3960624082896973,1
1.378776059290622,-0.02209896593619126,1
1.1453041730524152,-0.7344403514999769,1
0.1406235283879561,0.4470330901046824,0
0.893509675537545,-0.46582945563022105,1
0.8792564182978055,-0.11693451573348641,0
1.4928984620101178,0.2842012129073836,1
1.4283688409633888,-0.5778020032968321,1
2.111132571749219,-0.6253601474305089,1
0.5569192353787523,0.8906861870421958,0
2.3647530773749343,0.39898374419001126,1
0.42634427110403705,-0.4084947037655595,1
-1.363186944824035,0.30000453921789544,0
-1.3741475368884224,0.5557813319096954,0
-0.3347097545877692,0.014287874379004431,0
-1.3289304818765375,1.0034493994033,0
0.9346872573714178,0.333778687995641,0
0.2842778679580048,0.8322827941316023,0
-0.01508264731880029,0.5904327308440258,1
2.097650449101295,0.819635454056012,1
0.3521116828901326,0.8580214548945191,0
-0.5648032595115433,0.7854645530817126,0
-0.39449121579370217,1.035949850268354,0
1.5571718010700977,0.001512660558843193,1
-0.7568283026085119,0.4826578404491306,0
0.3019787513444566,0.9335234388733218,0
0.5501696296302048,0.1765476606351663,1
2.3975140414953913,-0.14980422634401658,1
1.2431814777657069,-0.5889943003759943,1
1.383748064824894,0.2647006474435752,1
1.607520285136847,-0.5832638810609827,1
-0.07407674319436666,0.012702597763342288,1
1.087455032857914,-0.3909090771948728,1
-0.3899339098733966,-0.1564926676066149,1
0.195165930081191,1.069112777032045,0
0.00876303732106632,1.4148088857990029,0
0.6437746571252481,-0.8605486627039954,1
1.8415501781958319,0.4315723204096409,1
1.4483897665106666,-0.6495728866231081,1
1.6345068805857905,-0.1409464811213328,1
-0.4378776682854521,1.2290610008096206,0
1.7000286433006666,-0.05600175146112833,1
-0.024899407927664624,0.22527714648638283,1
-0.5914870535701906,1.0683175226119426,0
-0.18764912828029146,1.2269114789151492,0
-0.7446863333130558,0.5267180563916786,0
-0.9049781967081653,0.565513815815455,0
0.280384761237483,0.8971611168173559,0
-0.9111637809105118,0.02468236279303887,0
2.349793187218574,0.38393030615247575,1
0.08526514346817188,-0.005408242549358289,1
-1.1669204534437976,0.5545249030359628,0
0.3226663344905558,-0.4381188651641006,1
0.47135828295097404,-0.37445277209384487,1
1.0121819333743132,0.15613304406885026,0
0.3056885709513708,0.7201987163278953,0
-0.759974028234323,1.3779798501565645,0
-0.4032032151287658,1.109765287327584,0
1.0627264180592233,0.49272057654623896,0
1.3635263192688076,-0.4835565398528925,1
1.129772217382502,0.700071139802616,0
-0.8403231231141014,-0.036057005125815444,0
1.0579429538525777,-0.7309482022782147,1
0.10475762811490759,0.2230272605319124,1
0.9395726912827673,0.6567925902316273,0
1.0408665615170192,-0.7041568373044158,1
1.790769740603419,0.3124805312258424,1
0.9420246196234607,-0.6262170787840011,1
0.6610527105676349,-0.60057255706116,1
0.2899426828152458,-0.3294256897044344,1
1.661162415269283,0.5866760220556988,1
-0.01058254783882249,0.2782876391316359,1
1.0324790821886438,-0.6093715731683423,1
-0.45607510418052843,0.45282985563216255,0
-0.7632731302276193,0.8976211141743219,0
-0.40448891731451964,0.8691032576035249,0
0.3183499967723338,0.28233601481619075,1
0.004585423304682035,1.4161607073596059,0
0.08062541290807296,-0.31872323749090636,1
0.32407034247891964,-0.40209005935752606,1
-0.09769472381221972,-0.15794594844154308,1
0.08366724037697862,-0.24392027548126055,1
-1.3539501286588511,-0.23586985480074715,0
1.9313019475632052,-0.11088226032222857,1
-0.3130223139558829,1.4663565642011833,0
0.9309805186037372,1.0535376381017874,0
1.2816343887218262,-0.7266457977322851,1
0.7073695940556363,0.23712047846396284,0
-0.38047306710686524,0.44147642927674335,0
0.3003781747743792,0.0575360677945469,1
1.8004229929951796,-0.5734803820288432,1
-0.6440523360757703,0.7289453252888505,0
1.3557637632973416,-0.7219119111673069,1
0.25825848771523485,-0.5226781446860174,1
0.3907302430691767,0.17597031206805308,1
0.6464052121938819,1.0885533097539903,0
0.5781964251045286,0.7657410071093874,0
-0.2766320548697973,1.1263696901338287,0
1.0035766919561389,0.0623417507450499,1
1.482724486731465,-0.6816138262259284,1
1.9796480307610764,0.35968684305171905,1
-0.9041533423526131,0.7517071424725164,0
0.23784035008677074,-0.23421542984805493,1
0.592850603431976,0.34237488247381304,1
-0.09543886537301872,0.3534610948780432,1
-0.5920951354377728,0.700177266983101,0
1.2765359452871023,0.021625422610849987,1
1.6820471005233952,-0.34635728721749154,1
0.364320808561466,0.05631981190711463,1
0.6246676466300984,0.07342888052435592,0
1.5411619983642213,0.04662783076197778,1
1.846438195755142,1.0849985005991551,1
1.337013672280576,0.7574083416759206,0
0.188404815684653,1.0690698913734817,0
-0.8971691859118286,0.4906613819945463,0
0.5422183020404682,0.5601031629348049,0
-0.26662533696192076,0.6669275643188666,0
-1.1410945022545316,0.8125341644417438,0
-0.6791251689079748,0.16921613393485513,0
-0.11662628736400293,-0.328015077079056,1
1.4186753219940431,-0.4838668659593603,1
1.3718339555414514,-0.48873922198888586,1
0.2868030868229323,-0.2732899752976686,1
0.2633867050335625,1.1297615508393455,0
0.468642253276692,0.1230903771223468,1
0.9350612595302626,-0.3688649014578411,1
0.47211372257200795,1.1278342042611387,0
0.04530179695745182,-0.04987340039432192,1
0.5717450885784712,0.8410302829988837,0
0.30650274371397845,0.7386455987145374,0
-0.37084550671445876,0.572678633070158,0
0.6629896589877439,-0.4510078919232739,1
-1.2611167559828864,0.7346831424925561,0
1.7820752289700719,-0.3487065654821593,1
1.5533400013782228,-0.2619914457508943,1
0.09440945828417759,-0.10967617198528196,1
0.16453001628177238,0.4167054325018715,1
-0.33543877134742084,0.9905758846310239,0
-0.24901785297885926,0.31475038377170805,1
1.7609199713939128,-0.7368113252775311,1
0.21221058182316524,-0.49905065467453014,1
2.207242671299068,0.8380940667614426,1
0.29688236575968463,1.3254556003386349,0
2.197375895382392,0.4509680298682072,1
2.119539722233812,0.3100163939032021,1
0.37073585299396006,0.4749494395610723,1
0.49544992530598253,-0.24865229769926656,1
0.06855995759358463,0.03904620746595949,1
1.3615153647851708,-0.7832010622790082,1
0.6229247112929123,-1.1700141709722005,1
-0.8739824517899554,0.11676571093353943,1
0.41519913864224234,0.873111967937866,0
0.26627376885533083,0.045023709870145034,1
2.014182864520334,-0.11847882908589111,1
1.1165743301745088,0.13613070490011775,0
-0.47877655076248093,0.997875303793972,0
1.2088879485097985,-0.06418163424221929,0
2.0696096453675894,0.6245491741428701,1
0.5982642856927938,0.7513497826708064,0
1.3152380023998724,-0.6112297118103807,1
-0.9076908462180324,0.6571858078308868,0
0.17708053485892145,-0.34151252273163674,1
0.26017229685451515,0.21299580551237407,1
0.8905847827305114,-0.9331726145032464,1
0.6896983718331893,0.008133807945743143,0
-0.2769419686832881,0.805516877775025,0
0.8347334354515815,-0.16454215552613294,1
-0.6478713169340575,0.16694549140803389,0
0.43382697508878465,-0.7486727535678219,1
1.201574300483916,-0.10857335129655349,1
0.486997421802784,-0.4653748733586187,1
-0.7452540432584345,0.8754954936839807,0
0.9299978230853545,-0.4142727903612979,1
1.744587814578431,-0.23571744064821806,1
-0.2015719898196337,1.0367563137432187,0
0.50302893726232,-0.6315505273580949,1
-1.0218904425711057,-0.07335880813955614,0
-0.085349058573567,-0.16603775687781253,1
-0.18047421057660368,0.9878833590174689,0
0.461081700191816,-0.9072582850906495,1
1.1510710690945936,-0.7140407609652407,1
0.10080633721201948,0.4224517614673476,0
-0.6472545582616447,0.13013820472401721,0
0.5375475065227211,0.6950626175434489,0
0.20719094801499804,0.2079482135026981,1
0.4117292675265022,0.2509542765458379,0
0.7473723981295672,0.07526132636146465,0
0.7049230624912397,-0.45571011289999536,1
-0.4512913594760162,0.4003035893630769,0
0.7228851735644353,0.5030767845841787,0
1.3072733242518433,0.5066956341372144,0
0.9188791865319812,-0.7824714869272089,1
0.25173402260529437,-0.4713554636445849,1
-0.12364909859159418,0.7582046458628025,0
2.1129392517363454,0.5186415003625378,1
0.23002881139423736,0.44942166877568446,0
1.1212939592156035,-0.00734598284946586,0
1.5595456655799536,-0.18175161680464363,1
-0.05613308335766215,0.884077112500467,0
2.6014127651198473,0.47284776976463905,1
0.9384317493164117,1.0620492831970245,0
2.4011168359246566,0.1252035862683686,1
1.9964498252132137,-0.09460608464429138,1
1.2236605011524595,-0.586164864201753,1
-1.404061142315094,0.37439162391151076,0
0.6885678430553621,0.615389792424375,0
0.9097791870760366,-0.25320397069549533,1
0.6947828968501993,0.7237790033244953,0
-0.6183089363908081,0.5751909243998916,0
-0.21943582251712185,1.6536126888114953,0
0.053626587268477806,-0.2940765190284462,1
-0.1869830754709701,-0.5186990354496546,1
1.0259388704901087,-0.4580471713413678,1
-0.28144734264637694,1.2364413705405592,0
1.0887205499115988,-0.05577340717507223,1
1.1389735090733253,-0.5733404552574121,1
0.077420042455902,1.0187885186620353,0
0.47191926902579107,0.3036103421760745,1
0.9275766687115141,0.8303727769967657,0
-0.31792023975333805,0.592223048274333,0
1.0711270208459265,-0.20788714487810375,1
2.1867990087396407,0.5434607174663936,1
-0.27892582453258924,0.07087720036679153,1
-1.3046882734253813,0.07953477832490508,0
1.1506518020285825,0.22139056568976237,0
-0.7299995214268096,0.7978855167518962,1
-0.10622846154200462,0.7011977639752254,1
0.46483685791780943,0.25637052229128443,1
0.7586601357631678,1.1191924903937838,0
-0.23968707134409972,1.2327736541215588,0
0.0933959065516832,0.7978833829130983,0
0.1158382236277178,0.9790077782371325,0
-0.7999209279835591,0.5908789345676757,0
-0.8765786586072174,0.7633827695874819,0
-0.026420868428795808,0.6761990247327203,1
1.5297332257223448,0.2792438714757359,1
0.5215371955777868,-0.5330071728634211,1
2.08254423812564,0.2455485570493048,1
0.14960327956241148,1.1301539868368078,0
1.4354162879618233,-0.6007123508693059,1
0.34483164854601156,0.0524944564623403,1
1.0798979900337393,0.033639906446498835,0
-1.0894541825648543,0.5499926177457561,0
1.1270354368408415,0.5888314866154581,0
-0.6424492800683035,0.36357857866316695,0
0.4445395385693026,0.7801785168727415,0
-0.5233877172468053,0.18933014818035623,0
1.478972281852968,0.6509466912589178,0
0.37538604071419035,0.8150565644521202,0
1.2572442564001753,-0.16452387624676695,1
1.063280252995814,0.6440586590115654,0
1.3640344299149039,-0.5327455051469682,1
-0.9156571175593254,0.40968209088536495,0
0.6291870715210965,0.4014666242958458,0
0.4843496727418365,-1.0090644384414649,1
-0.6893111652869894,1.2663083343575612,0
-0.9350111098086994,0.7295286380962209,0
0.5080754458435583,1.3731805701985977,0
-0.12691247918021326,0.6495720263978058,0
1.7533123119152634,-0.13275728239385054,1
0.12627607292705142,-0.4756535250971918,1
1.2195606436353694,0.16701198838546172,0
0.33821602496206415,0.5236595726140476,0
0.8586391580253926,0.5546314408639611,0
0.3357757127830923,0.8510661852313577,0
0.06550689643800855,-0.2294477276889867,1
-0.6199968964624347,0.5075977446463913,0
-0.09809833544721719,0.8847147184591391,0
0.9432314220822058,0.8210058604563266,0
2.056633805585606,0.1599890695569804,1
1.5212506089333782,-0.31611798729546847,1
1.8407571748326035,0.11304256949003785,1
-0.12581012791845014,-0.6330959256809534,1
0.45140717828426413,0.4816609342591052,0
-0.12541424233774123,-0.18290120233922114,1
-0.2565163317950808,0.8837273534481732,0
0.8437004798831278,0.5627771191223166,0
-0.6616710429642105,0.990398412665895,0
0.47257232435590363,-0.5170876801643112,1
1.3591126890960064,0.05980668965895769,1
1.3225611761423575,-0.0914983744988313,1
1.3789681152729263,1.0120696341039992,0
0.2483192540970989,0.9258238628370519,0
0.8108649404220435,0.5807116552327204,0
0.4890791844658497,0.45306143211000444,1
-0.014173498132577456,-0.4709597950639808,1
-0.14650800711735806,-0.27629602116009433,1
2.43107026404845,-0.035483078794031564,1
0.6480229410137572,-0.0951765150556215,1
-0.9106186543303489,0.8921574567580359,0
-0.2943752686885233,0.5830072204684437,0
1.0833162796745384,0.61139517089625,0
-0.501467050338884,0.618929101632411,0
0.5447228634861359,0.440166189713926,0
-0.006021785089598601,0.3136850520599592,1
-0.5737932408320906,0.7360286492466059,0
-0.6448778709288652,0.5398878309965247,0
2.2557166220704667,0.09263348213133368,1
-1.0906542333978835,0.5488606933769303,0
-0.6759355948100447,1.2296265557293813,0
2.411796008557865,-0.042366415121706705,1
1.0658252036538876,-0.6401731472890339,1
0.8199911898161041,-0.5268466899910177,1
-0.23534180566312257,0.4056686304158278,0
1.228597798825541,0.7435217596674124,0
-1.1776875649590313,0.11563682430312594,0
2.472818269580824,1.107343921242483,1
0.3121162758777928,0.19707722480172774,0
-0.7192353368626214,0.8565050021330122,0
0.3031572769715166,-0.22361669449771893,1
1.712511688638372,0.4326170489481851,1
1.5597815325007682,-0.07133073303164646,1
-1.014374780535502,0.2689395085605015,0
2.0381241029328514,0.39469149119274793,1
-0.6640442643886819,0.7143986437904472,0
-0.2802534599622716,1.000602326442405,0
-0.7020587449018609,0.7563700286796194,0
0.6242717214004723,-0.5771997554647079,1
0.33468989497465107,0.4391400019437358,0
-0.3966991287922975,0.9061645313988218,0
0.3584986917463157,-0.4637090332486974,1
-0.8255766694017277,0.15049668441339198,0
1.0414903987203952,0.566734818642001,0
0.6893862217530141,-0.0888048998644201,1
0.8020021329132299,-0.9984089590540841,1
-0.6503144999737303,0.6613915340575496,0
0.4408596774740975,0.9453586823521103,0
1.619597902710272,-0.570796522804442,1
0.6542666626097055,-0.2442042534120995,0
0.09116684543959064,-0.06831868444023728,1
0.31267620112603023,-0.10357147873032535,1
0.9283905494079776,-0.6337130427995467,1
0.8737169213285205,0.6111329282209546,0
0.3314479576666472,-0.4543709759172592,1
0.015543520974374031,1.5096036035885718,0
1.3313689721031268,-0.3182507886313529,1
0.51524912808502,-0.08689621174223933,1
0.9737360902472815,-0.5445532434022076,1
2.0111379962329923,0.014227880323011314,1
-0.14698711648791302,0.5273584585850803,0
-0.8570102372227167,0.6430102252847347,0
-0.27578520567450515,0.5200012363973743,0
0.9429387106330659,0.38638354940066955,0
-0.09261049056437942,0.10186432966656966,1
1.0657476905253607,0.2577844534273154,0
-1.3600774786938312,0.28713081224696585,0
1.090690658884015,-0.3468014248845235,1
-0.16403981756694302,0.8102394502407444,0
0.4290962656364345,0.42955291013388774,0
0.12848535087625595,0.2759560581533082,1
-0.5331849585380118,0.5914527496532701,0
1.2864469190791699,-0.24016640235829917,0
2.053976741616774,-0.02832427598598114,1
-0.6523485845770487,0.4346492037845797,0
-0.101745780309973,0.6986318515306469,0
1.05338081246798,-0.18499508278883786,1
-0.08889224438537181,-0.2572455926914279,1
-0.8464022142042897,0.6191350327860701,0
0.8133704687780763,0.7767233249656947,0
0.8269757819661983,-0.06279289264095084,1
-0.2424531235354444,0.0270232954424948,1
0.6636863286324555,0.06785828118770054,0
1.3481786293838354,0.5516839188530915,0
2.2231514347486363,-0.1770247204299715,1
2.3339767507286977,-0.20739429028418768,1
0.11195134632492783,-0.04200150610232374,1
-1.0397939313287647,0.24988077326734295,0
0.1606193229160792,0.15798661103785472,1
0.934994716275336,-0.2716359919011717,1
0.825775066751455,0.38213794994034256,0
1.7586471739355858,-0.22368994836275458,1
-0.3757849109212379,0.4480469180098626,0
0.9007014501546844,0.9571751065267522,0
0.010272769698971368,-0.3795568044888539,1
1.221452615264105,-0.626122484566633,1
1.3523868767974556,0.6043150855496116,0
0.2000333113364902,0.40948832672096525,1
0.3339743550805344,-0.34332833353915915,1
0.0623907733001533,1.4053506285315327,0
0.952080493824675,-0.9048466654298444,1
0.027875379260117183,0.10279942278312432,1
1.4905517554223793,-0.5279586095172578,1
1.96908114057773,1.0262452615492148,1
0.29994560744357857,1.4684829594701037,0
-0.9724549006641571,0.5090617845172305,0
1.350155025838148,0.2745102094170093,1
0.8191119580809346,-0.42446434297499086,1
-0.23154025386010751,-0.29778408562255476,1
-0.8980975000689997,0.9492847269867429,0
0.2783385178529932,0.5481220480665008,0
1.0265378686323015,-0.5372795308466288,1
0.5309116137210286,-0.7745257622102835,1
1.00526702870392,0.5453658077353066,0
1.0367071660304072,-0.7828964350520999,1
0.1552996809802964,-0.26576553203381154,1
0.2468275199210368,0.9285127150751171,0
1.355363181732088,-0.3543358321180865,1
0.07205671377754105,0.12505842618840796,1
0.6563840005939212,0.5730047250602532,0
0.4928696990667194,0.28952405455457136,0
0.0811070234849181,1.2516305129090846,0
-1.5283057628519048,0.1904301164747533,0
1.1092368342467218,1.0209634618359433,0
0.031475322143119,-0.1181924377636864,1
-0.7632834007153095,0.4320171126983498,0
2.202294240949803,0.40746815837988587,1
0.4786615630689442,-0.10586966487150617,1
-0.6553532420560764,0.8313248612290407,0
-1.0757129051773628,0.5782675264814323,0
0.15169388004619017,1.2108647537678074,0
1.6440645071298507,0.8132702379811709,1
0.16968274675532716,-0.22211506972411135,1
0.2821227819333406,0.13490626747593387,1
0.7591916670769089,-0.28691898882365585,1
0.8333718186085292,0.5278006543357356,0
-0.7586682761418067,1.281990472915351,0
1.0294984073731686,-0.3666211751253361,1
-0.5822012643022837,0.5657067019377285,0
-0.013981008408291896,0.21797481633622454,1
1.921626131083984,0.21466823094096543,1
-1.013659523658262,0.39033041193720164,0
1.3071265125608322,-0.6028510502034216,1
-0.6438782700122876,0.40390042162992906,1
1.4108306161471091,-0.11981760150740442,1
0.8582359072402315,-0.3622544751121571,1
-0.7911621464463435,0.5520296954213648,1
2.2228088038064966,0.04605950996810082,1
-0.6016289637794123,0.9188747460469653,0
1.5145185805051065,-0.40205271820190747,1
0.8836776386275226,-0.7422153774714435,1
1.9184964822194617,-0.22217361417152343,1
1.9467388962156895,1.1107704236336946,1
-0.606536730611284,0.4706775863687246,0
1.7414020034364184,0.7343856848418818,1
0.8344873618047868,0.39205357627887855,0
1.5866822481426435,-1.0440738207029256,1
0.06102292020561772,1.631360349857653,0
-0.6894485063980078,-0.0011850624997719605,0
1.7705693430830298,-0.0828150738779217,1
-0.6164846643667181,0.5706468343138145,0
0.07264673826745036,1.1824397227252905,0
0.943740232537531,-0.23699987415469334,0
0.646026617726119,0.3023555338528672,1
0.09128444120976319,1.2142582549408596,0
-0.21959539021372243,1.1713636795618858,0
1.6214203974424146,0.2338587220239384,1
-0.24741537595055568,0.5515436097529509,0
1.1896538370314291,-0.6087157739805619,1
-1.2806683052934213,0.7067784201985378,0
1.2028041077636376,0.8056588191912226,0
0.45773178790639674,-0.2226269349574817,1
1.027293604104497,0.47734703587514515,0
-0.14645121762920735,0.9522628283084321,0
1.343075697996339,-0.5012405346837809,1
0.7237097243320154,0.6418776013484617,0
-0.2062365998001466,0.8063833378239921,0
0.46765624538368855,1.3232917621708833,0
-1.3299589281741526,-0.13474555200901822,0
-0.63885806942377,0.41540349181048286,0
1.8839287245140477,-0.6110941402335495,1
1.3700980977826571,0.004453002847909948,1
-1.1927811571398768,0.22583032313428372,0
0.7021628603498127,0.1214257951267877,0
1.0200803129917135,-1.0199639322300482,1
0.32134445283886776,0.7686783345299661,0
1.5649734633519814,0.1033997323536589,1
-0.7877674060802333,0.1639297233165861,0
2.0279564509398234,0.35245378775653385,1
0.4905412780090816,-0.406983685724794,1
0.7366154279606378,-0.14110031533677303,1
0.7264499314615052,-0.03868403813211338,0
1.256891029755503,-0.5380925207960829,1
0.9139392910635694,-0.22579371490581102,0
1.0549657974659157,-0.5390974101918928,1
1.5693868668474298,-0.4085409574739536,1
0.12665115898362372,0.2860805994743937,1
2.258201759816055,-0.39720508053689063,1
-0.29821021165383993,0.42206506314606645,1
0.9523442857344652,-0.21056953416243734,1
-0.7472739549691778,0.8952378009991,0
0.5034392099631039,-0.1869549759182952,1
0.3593505301802081,1.1385142490910027,0
0.2665667198903455,-0.05812608348515136,1
-0.3440549986328043,-0.17785793726978458,0
0.8845265804252416,0.05988985857327028,1
0.8424536595627381,-0.5522941352484286,1
-1.4051996401051827,0.2700466641437993,0
0.10846348520966712,0.1126651929696249,1
-0.2466055014067873,1.6425602654408296,0
-0.463620604211452,0.867327696562912,0
1.0036357018342037,0.5022534342993411,0
1.6469039529094913,0.07523259541542732,1
0.39832149469710854,1.0612579933289459,0
-0.7222424872070756,-0.431963925792036,0
0.5943519321596558,-0.8743311372969436,1
-0.422325219999944,0.04200483777753927,1
-0.9845607883636918,0.747424563512024,0
0.6860538887303242,1.5896080349601416,0
0.5456055048582256,-0.3412444916256802,1
-0.583726976426217,1.1357330099749154,0
0.2013178156759888,1.1941617618949,0
0.5129402152084676,0.06133414079438898,1
1.061760652358283,0.15880000612880563,1
1.064323595774494,-0.13180813872482094,1
0.46436817607763947,0.43181350650352746,0
0.669822131382127,1.1896029110692308,0
0.1753746645523253,-0.05772759360119073,1
-0.2616546884514074,-0.5435164422506784,1
0.8824021503940802,-0.25335938805279556,0
0.7164229714318636,0.7058620698532176,0
0.8651112688983179,-0.6731666495579492,1
-0.16673181021492603,1.2368221758603606,0
1.7521416019260176,-0.3642473940178109,1
0.5161001580954532,1.1445823986815113,0
0.5162730971665929,-0.016417744559135396,0
0.6869233072319432,-0.7800868247741095,1
0.6987437001801446,-0.37345702412748705,1
0.331527571561466,0.4473040530698883,0
-1.0754567662328616,-0.08306326447852086,0
0.1196629941754436,0.29446146167457576,1
1.2547038862342794,0.4986237750766237,0
0.35892437183503106,1.021555931928307,0
-0.023879790217167643,0.4993003905633064,1
-0.2662297249447435,0.2597119010732002,1
1.532388593774963,-0.7219575638391937,1
-0.38503421660690973,0.29517082101377723,0
0.8484139692257664,-0.5284359402574852,1
-0.32767850509483276,-0.11241787273622969,1
0.021211181641208332,1.0861433312331117,0
0.41588227631034036,-0.5351256289205084,1
-0.15807686902591633,-0.08344161897776248,1
1.741841845134941,-0.3297097550712012,1
1.1397471672479054,-0.8249230290286407,1
1.3270935221725473,0.35984614141779026,0
0.403232183134022,0.9586360990804607,0
-0.5278174613877473,0.7042896909062701,0
-1.475334896454077,0.32106629118197133,0
-0.7428422345633918,0.729050597362125,0
0.1223174845047943,-0.3915677774722608,1
0.5422254441473304,-0.37264118581140093,1
-0.49664166062743476,0.6705531647949963,0
-0.3902156729010894,0.964698849990543,0
0.7520050927501168,-0.8923355826060723,1
1.022909261564943,0.9719504321728164,0
0.2623848864881563,0.3300880991577123,0
-1.233751802443711,0.4084729821054136,0
1.0623817130091204,0.16964629567068923,0
0.39040491790446274,0.0868909354326004,0
-0.9002358666859687,0.790328581998029,0
0.9887146328524564,-1.2481170233976568,1
2.194218584519754,0.6691473114200407,1
-1.1316323925728766,0.6451623350781068,0
-0.2270150702151077,0.543685482755202,1
1.1184708484180783,-0.5595368476670746,1
0.5152913667828828,1.0475422068575135,0
2.192118271389831,-0.09418226685455834,1
0.2280123478200694,0.8861095372126118,0
0.7372007297522526,0.4881350045723373,0
0.5303264689802223,-0.3544028684012777,1
-0.7171431773433447,0.336385087527757,0
0.5721992592788971,1.258688073843973,0
-0.9114934478027958,0.7327459201252545,0
-0.9928537362131057,0.40381652208805463,0
0.8479923310120294,-0.017805061391280963,1
1.6883357949635176,-0.694528748036894,1
0.9140534148177106,1.306904377997611,0
0.10204405600340982,-0.17326150684386898,1
-0.09241020112118593,0.66413523820454,0
0.5360694586572103,0.759640357196142,0
1.5174954662715872,-0.05618783233628187,0
0.11022515684908066,-0.37217786762629307,1
1.9055520677064468,-0.28009037563196665,1
0.9126389522311735,0.4088084736827812,0
0.3337312170298747,0.016882733191305566,1
0.3944051472126644,-0.29468731402505577,0
2.210155941058529,-0.3031862408868881,1
1.3919550838317143,-0.2847927841898324,1
2.401974763664357,0.4015322661005972,1
0.4416566544991952,1.0715642279088966,0
-0.1891603173596415,0.33448781251623366,0
-1.5154490302713,0.2766804832729954,0
1.08336557109501,-0.7348301345939713,1
1.756226157540202,0.22821546488501937,1
-1.1032673639530546,-0.06376810028743807,0
0.15241274836417346,0.8647474779834388,0
1.0972566904757215,0.9261933309171693,0
-0.6436829120176916,0.7759993696677744,1
2.407903732836423,0.22321348516700298,1
-0.04157861450922154,0.2742266881055706,1
0.7287531192452293,0.46962392630708977,0
0.6552598938257391,-0.15160012132483036,1
-0.7786280549740527,-0.07197696770119737,0
1.2253051069572218,-0.3414827102120823,1
0.7905856699130243,0.052981732241570594,0
0.4764050745172351,-0.6095773905346067,1
1.2252298464806408,-0.5579870165682066,1
-0.8357204229223177,1.195570145500766,0
0.9275097753920418,0.1906664937229866,0
1.019446807496886,-0.7255342508149762,1
-0.23906924401477975,-0.02580189642154121,1
0.15325834564614352,1.428893693806573,0
0.11864001115361039,1.400625252125417,0
-0.8406643763478522,1.2755685246889055,0
-0.29093796276339323,0.1576459473383138,1
0.14429867977996802,0.11739892333708946,1
0.8470915380675592,-0.42190317152795587,1
-0.037265334823362695,0.5283370604837891,0
0.10072304524446551,-0.00806457503340069,1
1.0947077634295044,1.0522774758136297,0
0.18740870165161044,1.0535351285888508,0
1.6240391202896072,0.3792208182902633,1
2.013784919045418,0.1307467094843607,1
-0.5221123981410998,0.6736091511304843,0
2.276997598744444,0.3981175449454535,1
1.9130549685243683,0.02398050173407762,1
0.5048608064572915,0.1859414330654825,1
0.7300432907951233,0.8389160997210564,0
1.5540723028218466,-0.7111399419517674,1
1.7639649984302057,-0.32968499133151447,1
-0.8034776471351062,0.6471438449772058,0
0.6265368072415728,0.8011728795514874,0
0.4076923946182649,-0.5359531467592192,1
0.7289718038033819,-0.43902966647235475,1
0.046116494430784805,0.07845389248192443,1
-0.558904222963397,-0.04809434560730841,0
1.7532491262974632,0.9783462066572179,1
-0.1910179921899869,0.9108751299643677,1
1.7152834848845295,0.4974180292740937,1
0.699418893087987,0.04185466966491623,1
0.8194674802773835,0.7567296130068039,0
-0.9293669607014671,0.9098753702777342,0
1.0979136412032022,-0.14395544034040064,1
-0.7322217917233724,0.5272678337049577,0
0.7305518026148446,0.00041526742089542656,1
-0.4001430560240242,0.03746402039112229,0
0.1320661446066556,-0.04969732433351326,1
0.9661843438463833,0.16182972609648755,0
1.5275750018001675,-0.3833577019926923,1
0.9012532736789894,0.6089847494887696,0
1.085276654432946,0.34859256514708625,0
1.9557955579699606,0.19912163873617195,1
-0.9022719119599059,0.7420534813073901,0
1.0724730657687356,0.5052539050001483,0
0.3958084161778792,1.0337072422914837,0
-1.0023404919256858,0.7132759226755001,0
1.6463305473430971,-0.07921158276674488,1
0.6447953311394276,0.7109903501385483,0
1.1664247081779155,-1.2300379208994883,1
0.022157149191378026,0.9167282957860016,0
0.49633621140815565,0.17812686348106493,0
0.9474785252010665,-0.6451812113762971,1
0.7079463337324361,0.5840816550771826,0
0.8887590729279714,0.19020954657018574,0
0.8259100965100312,-0.47688384082691915,1
1.494778976157774,-0.8275916641731524,1
-0.7829518774563388,0.2699439586854652,0
-0.7334895186373974,0.8321402277005678,0
0.39169136761307993,-0.5001891207555672,1
-0.2492165073278445,0.7774501953092912,0
-0.8933388171947986,0.12461913300410912,0
1.7280327898282328,-0.18333318560979234,1
1.4743336773890485,-0.36573201828683194,1
-1.0291075356208597,0.8697124080526626,0
0.7694483380725744,-0.43400099703699946,1
0.7099273358707381,-0.4614967301697712,1
0.5441457797800757,-0.4104076254220834,1
-0.6870957058238143,0.10095650551973365,0
0.9037942813784108,0.04106937989860454,0
1.1201468226265816,-0.43891918018310144,1
1.07611398017914,0.8152042156105865,0
1.8466255521472799,-0.2950226663161929,1
0.7016245307453166,-0.08212986374627346,1
1.0717822493006406,1.0475739021298407,0
1.1119269021526892,-0.6847289447020715,1
0.5139728281299143,0.8571303071192242,0
0.6950326203937077,0.9937131588960606,0
1.2173315228300534,-0.22646314528594785,1
0.12181585177015251,0.4167788856542419,1
1.3474654538221893,-0.8131591450740565,1
0.8714650141492808,-0.4625863632786086,1
1.7703828614150425,-0.08339136316441914,1
-0.32743151543283194,-0.13646114424937075,1
1.0882597019943492,-0.8644822068786153,1
1.889408864138209,-0.1462190825239379,1
-0.09424356899657593,1.3264779462022687,0
0.32696189733904824,1.2049905347957308,0
0.7537689516302051,-0.6354086478468255,1
0.15389098818175367,0.8920556200426489,0
2.558058765225286,0.7345839100750969,1
2.5141831281685136,-0.15414818454133905,1
0.769137190673258,1.1086500430267254,0
0.29470577133842957,0.7691260273365734,0
2.445184232973158,0.53890493223923,1
0.920340227722986,-0.3623263573708023,0
0.04202605775855983,-0.09736688567097504,1
-0.03785093024570865,0.9002952361843569,0
2.1773826611876013,-0.40347278217676064,1
0.7704638351624941,-0.47599673572253987,0
1.3015355855033983,-0.7276933774980493,1
-0.10235300596560297,0.7146703745136305,0
-0.9238653984307857,0.7523567694846679,0
0.9701132134232447,0.6426030604271632,0
-1.028440579078084,-0.07094969855641614,0
1.608569662924469,0.23644658710425528,1
0.9999818651763716,-0.40866311459039195,0
1.9216356745492187,0.30974994034926584,1
1.9333573883721606,0.1716498737165108,1
0.10358219081643977,0.651363580988032,1
1.1223347380536,1.0091042956440923,0
-0.6097462216163118,0.4276762869029722,0
1.5977881252311752,-0.35412350223188693,1
1.0410548041220806,-0.2035350330156795,1
1.1613379168284526,-0.10810865838669831,1
1.2193104085082767,-0.9203047649803674,1
0.11664603810045139,0.24193482663483923,1
-0.8373430829518685,0.3354347441736729,0
-0.17524915206416264,-0.5359675046404342,1
-1.4675441291093185,1.0413934186403653,0
-1.1062066004212834,0.1027851337075642,0
-0.8718144060656996,0.12680573851534532,0
1.0163065233349386,1.251363196367112,0
0.96648220122454,0.024084017707639294,0
1.3515453631976382,-0.2124632001900033,1
0.6136115898982155,0.40762595819860176,0
-0.5766984491027625,0.3651097010745523,0
-0.27741807075221425,1.0911492493597725,0
1.9491343778467,0.11496339228207572,1
-0.1103767934692261,0.6928693125673864,0
-0.006813164352155565,0.5136346366591417,1
-0.387956148798895,0.8367304115623108,0
0.9441977492507598,0.8688573058310679,0
2.1187843031661524,-0.6252200514282463,1
0.7642900696280792,0.8612627622041584,0
0.7216241956691497,0.21947445173097324,0
0.6944176788096161,0.6418782841168011,0
0.1937642907167884,0.6165697649743858,0
1.2062548292061273,0.4258320472890683,0
1.4564226495468633,-0.0509216994654573,1
1.48709435982178,-0.04068839665395088,1
0.734776500951211,1.5959072487654429,0
0.5689583792408953,-0.14806430815157348,1
2.3164463905077612,0.07510527478757988,1
0.5368108185224398,-0.45294659707132146,1
1.5917545430086377,-0.8129801878248427,1
-0.34631247109958724,1.0329779212305765,1
1.466566788351887,-0.3648238836854596,1
-0.7717537431976098,0.7151779221210338,0
-0.5741558032894607,0.6632449828236461,0
2.056646585754758,0.3727650620543314,1
-0.08301685627786604,-0.37204618214153345,1
1.055544090542622,-0.22912285860490117,1
1.1597338132193338,0.43743537520696246,0
1.0640917915429187,-0.011525978613353124,0
1.810779202970732,-0.04631899180304677,1
1.468771157076031,-0.17037395851495202,1
1.470267070910126,-0.010030363968832029,1
1.9038064971110356,-0.7006570960436593,1
0.33729374173936866,0.880789399778934,0
-0.9367973402956294,0.5774527163856367,0
1.7642335599553587,0.896595068486626,1
-0.7894762243110436,0.3705619063435882,0
0.08743819628131508,0.5377556169208497,0
0.0955157553674868,0.915860405616613,0
-0.1677665632520214,0.8629086635053562,0
-0.2212810571407591,1.1636057649889615,0
0.03251390724532052,-0.19122205640788648,1
-0.5525101663356377,1.0154464538662893,0
1.8059989738018887,0.8199971830840087,1
1.5782418638721356,0.19713774699169198,1
0.49082542528271744,0.3932086709158388,1
0.9657168263663845,0.7630959147006041,0
1.7092938007471272,-0.09009013723794884,1
1.7711817235852394,-0.18125499786955818,1
1.8070304796059744,0.044052828002486555,1
1.0467448057870614,-0.15719846082137207,1
1.6244795883174796,-1.5820147107294364,1
1.9480338355954205,0.10677015529570566,1
-0.05872231047284885,0.3550505946560627,1
2.2590067308808015,-0.24632903431075032,1
0.6822244771041945,-0.6620461583877382,1
0.8884804705628613,1.4518637909030057,0
0.9647307533533368,-0.22760096017165882,1
-0.4375849633038765,0.8186108229065725,0
-1.044149711435181,0.4835472935767151,0
0.8133075944746008,-0.4559570675806593,1
1.260692042186149,-0.570163216973707,1
-0.12345909915150374,0.7855691578847093,0
0.552380943941285,-0.7944994982083757,1
-0.27659643025564173,0.7293389855192811,0
0.7302157414031456,-0.6369511281146476,1
0.8471561066623491,-0.7652617629183693,1
0.0653879565330977,0.5562740665653628,1
-0.5590618643799017,0.36978486593310134,0
0.449366499827895,0.4520582864004431,0
1.9564310432734482,-0.6348753314372553,1
0.006767487284624389,-0.2325905105920653,1
-0.4782068403168308,0.9339650178298455,0
0.1200020983289796,0.960232424213903,0
1.8618697088048084,-0.008556492245412231,1
-0.4772427623839235,1.1170392163590834,0
1.2432564541242557,-0.562917646752092,1
-0.7781135526052801,0.719380512642326,0
-0.9227178696394674,0.19622344442969725,0
0.8753030599419838,0.00025620441062843,0
0.4560371510913237,0.4911299911261591,0
1.8889230123887535,0.3307569424373219,1
1.2168735396203052,-0.6929508602720341,1
-0.4195225174856083,0.9545339318616239,0
1.2195592567590354,0.19766309892469613,1
1.3251009459243726,-0.3410240998023454,1
0.3505283456740126,-0.7711543013532138,1
0.03823807101241228,1.1306740645747728,0
1.2217847315714745,0.08156970354366758,0
1.7165516983473077,-0.3676523210538844,1
0.17660772536681904,-0.1584648950976624,1
1.694216176856148,0.4119052592796886,1
0.2136014166643705,0.004845461370701409,1
0.47133855794865787,0.9738709975385929,0
2.180559732417516,-0.42651775194719993,1
0.06145762065981651,1.2726387135984998,0
0.3389493750500545,0.6892626157884199,0
0.1802063975343176,1.0535869338394732,0
1.0801000997166557,0.5507776372166043,0
0.9998433622927269,-0.16560661231422474,1
-0.7134702127423295,0.20163405376806226,0
0.7599931539257656,-0.4938761374472708,1
-0.1570105571949934,1.272979048099029,0
0.3023563434409797,0.5943728575293445,0
1.7223465546829317,-0.5367664240130868,1
0.864441803383451,-0.6450654850822638,1
2.0865790826816717,0.09745770027400602,1
0.009931797825945055,0.02644461143541388,1
-0.08231090941701882,0.18613535246011773,1
-0.8351839103663599,0.9132505075575243,0
1.0491093078703888,-0.4115724406737163,1
-0.5777161036347538,0.831907386313908,0
0.7914493098486474,1.291574271207438,0
0.9765619584381771,-0.05959495887659966,0
0.5275106743699474,0.6676969470738265,0
0.9706278638023474,0.020312572686735253,1
-0.177265147122751,0.8754472538366451,0
0.5123281283042336,0.5828246163936435,0
-0.910175560101696,0.12855642137017487,0
1.4928505785223782,0.3386075640540823,0
-1.2816664304198448,0.3925144820548535,0
1.72014424958699,0.07381799212699018,1
-0.43258790170499034,0.8458803986214427,0
-0.21918733366545828,0.1565058966073608,1
0.8436523121439337,-0.44080729691467924,1
1.02611928022512,-0.49009074382261925,1
0.10073427440659309,1.3430610971763568,0
1.2417351888153134,0.05690116812010282,1
0.16622500073078122,1.0027651192562574,1
1.358914800814562,-0.1808343671198945,1
0.8381935601416669,-0.46208550304500406,1
0.15610415254941967,1.2054982808840213,0
-0.4886607777489831,1.2344950750899537,0
0.3850404718182957,1.1114408004462744,0
1.4737806719725972,0.25065021865688014,0
0.6235462699544048,0.12575968254444958,0
1.0351388233830061,0.14678775819258724,0
-0.3414846806974005,1.1523892867576822,0
2.254495013452496,0.13902576918226017,1
-0.5522261841996859,0.683845235385867,1
1.7717616993373593,-0.13132549055892823,1
0.8269182765392062,0.28354116421498216,0
1.951971458567809,-0.20629145829668621,1
-1.1252435637045237,0.7924942171349978,0
0.898858250103507,-0.3229838684903306,1
1.6858984825059824,-0.0009523948780240377,1
-0.2607866129566771,0.9197800398909993,0
-0.916190040016456,0.07053662946318731,0
1.4600879393582964,0.03338948983853923,1
0.6959796553009409,-1.0643763359761003,1
1.0032603024892308,-0.24757180457061045,1
0.22266376256742623,0.9809013535550677,0
-0.11405341976327366,1.0696023947674622,0
-0.9980439702291146,0.6265881479182155,0
0.40442943473797255,0.93781968113183,0
0.3652997093434861,0.11414202757269956,1
-0.2333738765610136,0.22524066171440021,1
-0.04158732304031128,1.0662981012832577,0
0.3917811059049671,0.3653716080224284,1
1.1407108487164783,0.6670664726295726,0
0.12001682563553473,-0.23662708279233974,1
1.0528227366557976,0.7702623074048882,0
0.16730355049702073,-0.32911327167851323,1
-1.1681877148274742,-0.04916629792648697,0
0.4550766407755512,0.10263072017902897,0
0.9320103734554699,0.31796039369914153,0
-1.0389780737713947,1.2056076733296028,0
0.36571597890781266,-0.005053358769312066,1
0.3817068247944545,-0.27742447875372295,1
-0.7361614550757947,-0.51186131437519,0
-0.05566737753574447,0.038192969316997005,1
-1.0120185247910571,0.3223729321578517,0
0.4234034858829366,-0.30711504096811504,1
0.7742813147163167,1.08730711033225,0
-0.3561165201321176,1.303775048897859,0
0.21343262146478784,0.9922115319412738,0
0.0475068132561704,0.7636378558619941,0
-0.9774799103726816,-0.36418554748754917,0
-0.12843598546795076,1.3508489439641003,0
0.03594141565779102,0.9852277481165381,0
-0.906625286145702,0.37756357800327855,0
-0.4755551234310931,0.2702475644078879,1
0.9313402465207917,0.21684540142361142,0
0.9027800715304958,1.01330726432444,0
2.0527638171871314,0.20990548731765835,1
0.02712141299832163,0.2677948627890331,1
-0.3240746133701094,0.21459466406609384,1
0.3716814959654487,0.784306830145786,0
0.6024821630018036,1.0329283308072754,0
1.680387901070485,-0.19408046034169066,1
-0.0895896066941424,0.3573463336152106,0
-1.0017347597730757,0.6515383054602819,0
1.7177333947635451,-0.2883081906438783,1
1.8885160263820242,-0.251708045970204,1
1.2544460569630056,-0.515714514219461,1
1.846597178887934,0.11238488497628017,1
-0.496386433506299,0.6595360691280647,0
2.4829293235328023,0.29943674280752924,1
-0.33411614315447774,0.8361270387832381,0
0.5635444092761352,-0.7054177993547437,1
0.6235591912570618,0.5782634572854238,0
1.5224543833469184,-0.5613629185832245,1
0.7575359556928645,0.07785058707410708,1
0.5382445501583963,0.9117857520019368,0
-0.7111749501631404,0.9237573175853232,0
0.9986559684963957,0.03840583055269327,0
-0.9640288704025587,0.5987563855317285,0
1.5855262091875315,0.31779024685125146,1
0.29980259041295654,-0.2524909187264937,1
1.459460645603183,0.04666759693525169,1
0.6992159062841901,-0.24624048842930518,1
0.26423818498151186,1.1555662246892169,0
-0.6203022606840489,0.4694020170816569,0
0.34682651944675913,0.4906336255287299,0
1.0936808687783537,-0.12294691656634854,0
2.3049532998805677,-0.3141277462739651,1
0.3286345971933481,0.4153083916939675,0
-0.18879227408401827,0.9713505581819399,0
1.0508312913280764,-0.6398399271256516,1
-0.822383811177096,0.1332740219150333,0
0.46009735813546726,1.0883667017175167,0
0.3724200321452117,-0.38440286802511014,1
-0.0635785018947255,0.6067711376251643,0
-0.5125298678284942,0.38979566047085856,0
1.1402926813720582,-0.6967534832370718,1
1.446970936428015,-0.08378496872778071,1
0.6518902316556789,-0.5927123524660916,1
1.5159219713089493,-0.3884352485461671,1
0.802066760444119,-0.2874407350497273,1
0.5018604562166715,0.313977452472775,1
0.8005673471813904,0.30218521922723107,1
-1.056759405644974,0.3372424071625911,0
0.2875599541299841,1.0324243679729563,0
-0.6501201832177137,0.5424248152357547,0
0.7287182707579456,0.5337464828331158,0
-0.09692423719745699,0.3931710466302446,0
0.8552816733995261,0.227749223135184,0
0.3842117979009301,-0.32003325452374287,1
-0.5384452381414687,-0.4491418527882324,1
-0.542901307329078,0.08115383643612939,1
1.056897396223065,1.2493882338506856,0
0.051382347348718466,-0.43608634139644425,1
-0.7605766800394838,0.9755426058967754,0
0.6074410162577317,-1.1865757663484753,1
0.6566897039900366,-0.39720861830926235,1
0.9734412717112868,0.021967589566594226,0
-0.8597247055116025,0.8323456543352491,0
1.4360567339103925,0.12628652505262572,0
2.2196929256577236,0.3549534753156031,1
-0.9810427625952897,0.25417327142546375,0
0.5955418334077425,-0.8556334445074201,1
0.8460168414261667,-1.0416749281268953,1
-0.596178804935042,0.9823084560272279,0
1.7265461505031254,0.06181755641064135,1
-0.3689957449738914,-0.755586095773168,1
0.7948839416556992,0.7371660202776171,0
1.2023279771789364,-0.29726787710613956,1
0.34474154230076004,0.5569717963927011,1
1.3086017692369731,-0.3240298046837432,0
0.8728874585713189,1.1416907393536726,0
0.7480853884822685,0.2662777193279582,0
1.2741266004144842,-0.5575507976741486,1
0.3259244005432058,-0.16911576599041256,1
-1.0901070348284672,0.46385019256164844,0
0.8506950372124005,-0.5197667735005053,1
0.09214639913257595,0.5400369730580923,0
-0.3705375625122064,1.0079131949203062,0
1.7554498203428643,0.5248837067400173,1
0.8197006644876436,0.24672161862957237,0
0.42370524129866116,0.9211109415015714,0
-0.8251246324185639,0.5244184409641088,0
0.38738756053164647,-0.8133575197982263,1
-1.0719790145870856,0.2237608304074161,0
0.28508221508921106,0.466772591641899,1
1.5020529975002728,-1.1723385690140349,1
0.6653900021024305,0.8062151953974475,0
-0.6946295320925924,0.44605695601568585,0
1.5569798295277002,-0.1558835629914451,1
0.6194105160629337,1.0741453717109883,0
-0.8718474269915619,0.24104547970351017,0
1.8136100527002552,-0.581429600701628,1
0.4761123340020575,0.622595519143492,0
0.23723842234638473,-0.14740304492731976,1
0.3881338479139331,0.5592859719824653,1
0.23916374279840152,0.3722462956532892,1
0.4070956377112138,1.2929409170461483,0
0.8602364378824081,-0.34853485913179727,1
0.01077026574992572,0.6189457994164841,1
0.43542677734314067,-0.5994722824649239,1
-0.41981273452332835,1.411776010459965,0
0.12625514472260513,0.7851862586836027,0
1.9544790867012598,-0.0623201320687668,1
0.7331992719657754,0.010698740476707547,1
0.589034373242943,-0.39794850278628835,1
1.0915804403544729,1.0452608374708379,0
-0.37677530752434985,0.5616295206712187,0
2.1595260308331516,0.521526256878267,1
1.7197698655308062,-0.02028491924174297,1
-1.1845656950950751,0.541336605086432,0
-0.7512128949444955,0.3828754836753942,0
2.1440503003832565,0.8878100009033523,1
