feature_0,feature_1,label_0
-0.9043130809004237,-0.08485582548905368,0
1.8413119904319213,-0.1421221323999017,1
0.19261898329364435,0.14629108834303653,1
0.292473229610144,-0.1601768774046745,1
0.91983163501621,0.05287640078031258,0
0.2868053253584627,1.0292248256520742,0
0.1517691489064047,-0.005149990573112162,1
1.577594772888271,-0.06420444271576133,1
1.2707561080881633,-0.34198051714472655,1
0.8471913581007842,-0.9043067357447142,1
-1.087312410793817,-0.13048464397706036,0
1.455351114086906,-0.4265939862589452,1
-0.9038820707924753,0.5065778933932034,0
-0.9725160883314244,0.3027999356606972,0
0.5608821571548881,-0.6131083808920377,1
1.182456896618178,-0.3858381959684096,1
0.6360434897972835,-0.049026254289060996,1
-0.12822574174672138,0.1520918085818601,0
-0.46886158969050074,0.2871249094915809,1
1.8240890265132679,0.08204155065812663,1
0.0447514332847824,0.8129904998434718,0
2.1346154143731098,0.13370568174513103,1
1.0226867140490898,-0.6853301679956203,1
1.9338524633831877,0.805006723433729,1
0.36171106444438983,0.8318868370915524,0
-0.8641577884217425,0.22889272394740579,0
1.9023351302224056,-0.020533434065486578,1
-0.28305408729790843,0.02391210646709513,1
-0.4906738967126064,0.8363797748950255,1
1.0213816969945415,0.6168875208762432,0
-0.21093027547695153,0.8018702865127081,0
0.040705412326759394,1.048679172383733,0
1.1987678771242096,-0.8359965330785136,1
0.21377912341048042,0.9602712359723902,1
1.28718776406699,0.45098509738794357,0
0.6172964541832014,0.6758084443850491,0
1.7327220064601188,-0.11776068064763238,1
1.7898614913371402,-0.5379836575988926,1
1.8495568817473445,-0.1479287947360331,1
1.0427192565846766,0.20699685883796742,0
0.870313448779704,-0.021294041259584173,1
0.5789510716496582,0.027206769836778,0
1.619563232926021,-0.2965619831062033,1
0.45176084707054087,-0.30083283152483214,1
-0.48232114081161614,1.1477485952821167,0
0.14125244474083412,1.0703286528935525,0
1.2509853589850721,-0.5884393330539252,1
-0.7390861504139599,0.7783362133987106,0
0.8658782640143247,1.1236683036821835,0
0.6066803770121777,-0.401706412214215,1
0.32526289638495104,0.8060275671978696,0
1.5450614699268876,0.07830653255909728,1
0.33909355274510966,-0.9007777369967667,1
-0.9477245607124181,0.30067759330299854,0
-0.8179303082470639,-0.4121419036280035,0
2.001217572164096,0.0511559736444165,1
1.7701462816544942,-0.23083879198220425,1
0.11903000043929604,0.8525176215034164,0
0.1590469060021295,1.1599153851035275,0
0.056338339674664444,-0.476637292964463,1
0.793893712615403,-0.6183306086017061,1
1.8226442138913939,0.175283555296557,1
0.6826682385787497,-0.49593731358847587,0
2.3234386773059152,-0.33616866612159835,1
-0.11301773972563323,-0.10340522873411656,1
-0.512582192397642,1.142755088116488,0
0.5519836474745383,-0.26831433703210283,1
0.5595125797564525,-0.7581132749181168,1
1.9194879780153402,-0.6103550585446962,1
1.046879697432212,-0.18364520415240398,0
0.8626688458077103,0.35259200727988516,0
1.2929342985287289,0.11334356492953077,0
0.47301712383616645,-0.1853456884074981,0
0.8841531507687725,1.4024534923812007,0
0.26864264701980367,0.018187236308279897,1
1.4646324999822968,-1.0829902236343685,1
0.0029862656490776684,-0.3407124891881017,1
-0.07200744143533204,1.3358833244396981,1
-0.2218825783533484,0.5963784712985292,1
2.051349427550349,-0.06864661018877039,1
-1.433322898772547,0.6321697527379442,0
-0.8248575390437202,0.47624662916509447,0
0.6228257238731862,-0.19726432888722806,1
0.41821474708669737,-0.4463510841641624,1
-0.9549619365064308,0.4604589096796994,0
-0.7200328118016315,0.41630699240136404,0
-0.642868694645282,0.8962124569856142,0
-0.21657412450895824,-0.1134267237901532,1
-0.9507002635373231,-0.18970259099657194,0
-0.9397703141740746,0.30010651415447687,0
2.035135856272916,0.21544669046780665,1
-0.6814952221465587,1.0607604534263622,0
0.7852616805363308,0.7765155105464958,0
0.8706792087490377,-0.7626612870427091,1
0.49980489429608604,0.9377621242775414,0
1.5951018690485428,-0.9052440334887529,1
0.30986372590117994,-0.42199453072023435,1
2.2301129028061837,-0.08197743492142945,1
1.0687493550004061,-0.56423096126457,1
1.1845324522130727,-0.4426707531197037,1
-1.1857360823765848,0.22841456094461315,0
-0.3100326696012974,0.371805629286451,0
-1.005657160876444,0.4129741880805049,0
-0.01195245808718609,0.7064572222019955,0
2.064141041199519,-0.358041320167249,1
0.0645016507121289,-0.21536539729795695,1
1.4813844864779873,0.23302676296228153,1
-0.2023518146238631,0.8534014559514436,0
2.005916216494355,-0.3704507971963206,1
-1.069456408879449,0.36739801416235673,0
0.7691290633490624,0.06035999065845332,1
1.3197004685526148,1.108287500580135,0
-0.4950949980950813,0.15741207504983962,1
-1.0125573832029464,0.7113795878186908,0
0.4359247324079192,0.8996074995752608,0
-0.15602821405073156,0.9548248540169584,0
0.22332569109011907,0.5443867567055785,1
0.027936657552680322,0.8844300004826814,0
0.6798564504884849,1.191508397776254,0
0.08327746777876949,0.1730873211264094,1
1.2219793306437432,-0.527766807924962,1
1.807808767391111,0.0991994487475949,1
1.6747590018073055,-0.13723013079984314,1
-1.5149481634649118,-0.06518323887140201,0
1.2535635617102487,-0.31463441578548035,1
1.3237980417833972,0.750840561108901,0
0.3428218120640748,0.8952926380878996,0
-0.16598384095790858,0.8466964342024986,0
0.6751971318129371,1.1199832539322103,0
0.8413827833764596,0.270647909143495,0
1.6726181503351516,-0.6108373631874043,1
1.8403047877917484,-0.42916564423510545,1
0.8773885063116773,0.1026817834764206,0
0.3513106236566479,-0.3432138062170019,1
0.7365374755198884,0.0676253351941746,0
0.7594395590062049,0.5968810794958859,0
0.14133499056382476,-0.09343569403405055,1
-0.9083684376359575,1.0222449023950781,0
0.1178758046984556,0.773784087986177,0
-1.2076160922663681,0.5684996551132743,0
0.4769730146548562,0.44698555226111514,1
-0.49066599189945215,0.32569004120906775,0
1.7347181461276695,-0.604042893684796,1
0.25741530170723903,1.0228066864340608,0
-1.0568990482594882,-0.06194429154746664,0
-0.7536333063399753,0.6972766812261978,0
0.9246679373188252,-1.066432862839009,1
-0.9207431196623654,1.1431821568877505,0
1.2990931066449578,0.9689806494963156,0
-0.11999827869963842,0.7119564141335325,0
1.2165007947617839,0.4050508338423112,0
1.5486309978764565,0.326705959489732,1
-0.05982096474821669,1.0798090957397068,0
-0.3802867352480726,0.7084853092568685,0
-1.6122709163969788,0.32452809516517134,0
1.1226370026339019,-0.4995933765706599,1
1.8376080700460953,0.06782791073243372,1
-0.7208017924541746,0.91315875424482,0
-0.03218576437281993,1.3408326993177215,0
-0.05235995944341057,0.5113280869870094,1
0.5935961838791295,0.7837337264145611,0
1.3584807123728566,0.8108076576515206,0
0.5847922634176518,-0.4080985725150407,1
-0.5672734132134187,0.7758757158717834,0
0.23628747666630637,0.007239739551594591,1
0.20146883021728546,0.8677793469140012,0
0.16988732300100878,0.3195398407696898,1
0.44565201364003865,-0.9712727852329495,1
0.3109060158404927,-0.11968334429599686,0
0.7691240956082058,-0.9624072713702009,1
1.2123475466988796,0.056991020194401054,1
0.32578020780745925,-0.47977399501294204,1
1.2285261741557745,-0.836710238692886,1
0.2817195068572085,0.17530943951272182,1
-0.04822230070076805,0.9525937484212922,0
0.6341617178356261,-0.45016545285852777,1
2.655117625676299,-0.001341836088915499,1
0.5361469041773436,0.8860483342167929,0
1.8071831553561672,-0.5253744623240127,1
0.13481269328723555,1.5149208121031492,0
-1.218727540546868,0.7261134406987206,0
0.6851577189349777,-0.0928640679852763,0
0.052154365792797,-0.19181568391327622,1
0.4283306267668295,0.3162238422182376,1
0.35369116627657127,0.9088236862933767,0
-0.5213638845105751,-0.14548720603962245,0
1.8749773138186332,0.3515051669878259,1
0.6036715937865547,-0.653606807945645,1
-0.35562103479776763,0.6510971499160234,0
1.039788997497712,0.47231103174118527,0
1.9682329954025746,0.25306296639338,1
-0.4555438140320438,0.4915781464045208,0
0.8520734282360805,-0.7030641882455404,1
1.5153984804856564,-0.5668427935196118,1
0.16729595761859697,0.10578508313074364,0
0.46350166259193476,0.5066312563170674,0
-0.10295055231446293,0.2691125230224044,0
0.32820503859472944,0.2356642674842388,0
0.32844708630707276,0.9286315928442448,0
1.36659806982317,-0.21625194685442414,1
