feature_0,feature_1,label_0
1.3996107675654301,-0.13391521279089136,1
0.9363761846681533,0.8326433736640099,0
0.5952094263111859,0.7994134669735278,0
1.4062158396751143,-0.13409203587941737,1
0.1434366893845121,0.014594567754376633,1
-0.45043611817541307,0.8630087146715831,0
0.5146448520823177,-0.49132925827424817,1
0.5519400930130131,0.9138163089628383,0
-0.47714657280727085,0.638884125340891,1
2.107395502501498,0.21811801230637193,1
1.9586980675038281,0.17614585751622863,1
0.20781060073285726,0.9427727092576504,0
-1.330543756380972,0.3846985035960703,0
-1.0905777349509105,0.8810091336672117,0
-0.39796801828007966,0.9871818584515514,0
2.063263705412365,-0.22091537671233458,1
-1.2568110512158104,0.4207321652711731,0
0.48686335959276744,-0.270657531026464,1
1.965569132915253,-0.21995986499485123,1
0.8745564083943761,-0.15800540879564434,0
-0.7096107476411733,0.5409696648301123,0
1.2994203129609618,0.37366042747309325,0
-0.05618281869126372,0.1022553519502518,1
-0.29884875099860303,1.0230503065055958,0
0.8043130220542859,0.5639986617768059,0
-1.1186929607374623,0.4462903345402422,0
-0.9752509257823865,0.0868258588739218,0
1.2105316913988378,-0.11057661463394275,1
0.5768776786010452,-0.2278018413634209,1
1.9677527826255397,0.5883547657734458,1
-1.0216602521774103,-0.06557153876084504,0
-0.4941911278316814,0.8142371321517254,0
0.12897157021481112,1.0952716820276587,0
0.1307218469169575,0.4627651300523302,0
0.8963228337224072,-0.12243035090573506,0
0.18744871716128497,-0.01630965797021547,1
0.0468400173196159,1.103011734097576,0
1.0666670420102498,-0.4105235842741527,1
1.041915642751558,0.35577169114385554,0
1.1000875950289188,0.21168755330029784,0
0.29732920842703053,0.8214196110813216,0
0.6326618585530637,0.8922022467141515,0
0.03700841508243003,0.527379040956247,1
0.4396245453750183,1.1278836903950036,0
1.9546475743638474,-0.05926465240131174,1
-0.9633171411015301,0.06613596709875147,0
1.9124061945299982,0.3286307665102807,1
-0.313480367485907,0.15965429201628428,1
0.6881368546622387,-0.5143306074425414,1
1.1383449342173217,-0.3813973488336702,1
0.18252812814906186,-0.12767515126992068,1
1.153283392050848,-0.22439374254873876,1
0.2907537487438222,-0.20215215664390132,1
0.10800204453747364,1.1172812562249261,0
0.3301655978478385,1.046212482677516,0
-0.08599579713836046,0.9007079344541349,1
-0.1430927135168663,0.24997976105085623,1
0.34558921535236603,-0.7252513003128663,1
-0.8632356250946167,0.8145867380291296,0
0.667109110884254,-0.30127401903069945,1
0.5428796132757419,-0.26966750766152026,0
0.26766106880058554,0.9653989558614509,0
-0.4459412031538741,0.6562414165324362,0
-0.5184748794831336,0.6812293631445314,0
1.7724339609943887,0.4140094045792936,1
0.06999733458279052,1.0528950496553404,0
-0.6564635923060609,0.7593247540322005,0
0.6562958536609336,0.7157500853756734,0
1.292237292744245,-0.5446883244985745,1
-0.11749150865905417,0.9374658348511935,0
-0.648023537889342,0.53112297883688,0
-1.154968128794403,0.02950665340851065,0
-0.1863978022921583,0.22253240870796404,1
-0.562747024901117,0.7251000477080737,0
-0.6577557061861431,0.34453243144122825,0
0.8453903230162114,-0.4883426357907339,1
0.6918095589328668,0.22346693325150702,0
1.0174706087041288,-0.46602641369617054,1
1.3304106848069452,-0.6205364198778237,1
1.821875827643876,0.18393233682797067,1
0.2766072869354786,0.6533946017704652,0
0.7110750096886114,-0.18940551685731588,1
1.045253747600318,-0.2652380827983576,1
0.8009082190459109,-0.8773310132263246,1
0.5761880558338194,0.8333794216417549,0
0.54609703729564,0.9229805278031823,0
0.29449996904762743,0.2938078473536443,1
0.5733068724616388,0.33999110147057165,0
1.827588416883436,0.18536542182671684,1
1.1001292308483155,-0.5632058588661553,1
-0.9208257414355265,0.9809366112559417,0
0.2103114390937162,0.8952884737679797,0
-1.0030755728063245,0.5984449495665718,0
1.709698077285764,0.12065835058484484,1
1.254661971220187,-0.3471773603391689,1
0.033383651914715345,0.4816204757487753,1
0.7687952553139348,0.5586991419019143,0
-0.5981447965807805,0.5542351039892056,0
1.7029414590227976,-0.0380669023699929,1
1.9154115501437101,0.5608818532108393,1
0.4732020734579584,0.873345875397547,0
1.1351231871570198,0.4315986186229329,0
0.5278289367640445,0.6984637370084152,0
0.64487981116005,0.24843274217771877,0
1.5815605828578576,-0.6516464240713373,1
0.6133598915536118,0.2827632853756857,0
-0.23094695703192047,0.6483699133147697,0
-0.7937248353962969,0.1838797965552708,0
0.11274219770695984,0.44518203577632043,1
0.2667094528001588,-0.022830944281153814,1
-0.27158457317386037,0.4297317619234671,1
0.7216537642443697,-0.49015762759976544,1
-0.8825871921833782,0.5630884023062441,0
-0.8768420986955994,0.44476904373660003,0
1.6876852308961965,0.414813677457275,1
0.15033753240068193,0.4082978540961019,0
0.7417677223843391,0.622572883863652,0
-0.37845003567464347,0.5954700135648273,1
2.096966611488725,0.19349986578694195,1
1.0437969711872537,-0.42733808245675925,1
0.41983799067545297,1.2692911336657007,0
-1.0929648994574004,0.7186913607992383,0
1.9114404817775479,0.06601526093751545,1
-0.2493224977243892,1.3284010040265541,0
1.415338463550961,0.14167243675805857,1
1.5469182406301927,-0.3327979130881752,1
0.15153003272861226,0.908709796676385,0
0.5847790982685288,0.6370913099770613,0
0.8546526604421236,0.7135564324207402,0
0.4860230409891832,0.9670689796889904,0
0.11812972436864758,0.9386158102134535,0
-0.11025074822245617,0.8613784536761615,0
0.617592112372266,-0.39309920627121464,1
-0.11092226226634011,0.9771212864070213,0
0.26223400635243654,0.6928936573752273,0
0.6956735892570696,1.129332905082931,0
-0.23389649892377892,0.8365346483092064,0
1.8852109959134429,0.203918518557465,1
1.4070842637229952,-0.5490055827724429,1
1.1343879801837358,0.30925364297356084,0
1.0899891611903534,-0.08244268334480986,0
1.9866736814084065,0.0006866577888984815,1
1.3148174176178087,-0.1288442602678798,1
0.9249599896645452,0.6541648768893509,0
1.589445677298324,-0.46330692293348075,1
-0.06164256069482846,1.2975259771485699,0
-0.6904182212887733,0.8682012910062623,0
2.0058547279514736,-0.2931439196495703,1
1.8624359080939954,-0.3903993714992836,1
2.2515143780151234,0.05825490497170835,1
-0.14306390064743624,1.178696840569596,0
1.486481778039259,-0.03978904775867165,1
1.6639788445755752,-0.10071579100322797,1
-0.6505099583157747,1.1392596985386214,0
1.61462709227487,0.2512600722556454,1
1.5219330080822844,-0.2926452648695146,1
1.0182404612410765,-0.7867681756868793,1
1.6006126096470128,0.06001112422181283,1
1.7169582827397594,0.11743194476935195,1
0.7593239544388757,0.38413837575124843,0
1.4768395454087853,-0.5088100456011032,1
1.861556225958381,0.3721246818411598,1
1.6791771906902648,0.13980110272488072,1
-0.9317630020575197,-0.15871401756803788,0
-0.8486652674002582,0.6172040573750209,0
0.03286320118580322,0.24505648107938133,1
0.43061050312932536,1.0033770454460096,0
0.7587446175362934,0.5675781330487646,0
-0.7407309267223688,0.6519598883136463,0
1.6328089149998841,0.05037090977981168,1
-0.5351237663097129,0.9157987884617901,0
-0.23201441670379053,0.32664840591926914,1
0.06584255893771578,0.2052094059874395,1
-0.04079662757828832,0.8657821724774472,0
0.9636050830477555,-0.12355176025902467,0
-0.7847976966782266,0.5065914635433231,0
1.4077587174164727,-0.34358887514935393,1
1.479821093216277,-0.48486431591575474,1
0.44488602752630557,-0.1849701168789658,1
0.49633610619794,-0.2973317844058598,1
0.5667916762302097,-0.11606224329758935,1
-1.1462382766282746,0.09983586768332675,0
-0.7907868324802871,0.21543803346838303,0
0.5765013823865867,-0.23497870502809118,1
-0.9523846957127429,0.22397587604188907,0
0.13903157871318442,1.2084751495527417,0
-0.3233838496065097,0.7608778029487899,0
0.15305916022836474,-0.1256939689661748,1
0.561552381559707,-0.3331683428997356,1
0.4071380420060239,-0.10719011490359609,1
-0.19719457727070766,0.4934669592032712,1
1.4064083106097172,-0.11134069753589892,1
-0.7933413747733851,0.19745357606706893,0
-0.6700664953505744,0.7998898125687552,0
1.6998944334367838,0.01698888909824814,1
0.5727866504547063,-0.2740714222418335,1
0.9566982061810722,-0.5265442896570024,1
1.198267878776188,-0.5325123723184773,1
-0.30001645046887576,0.7738464150278218,0
-0.4502575688944772,1.3262717860342752,0
0.1798630936430714,-0.3102064672152469,1
-1.4273056329793052,0.42230737746937275,0
1.5473512409081638,-0.25998802735855775,1
0.37279864076761227,-0.4687599214130267,1
1.0326754808103105,0.12903545953905765,0
0.026048511732594704,0.8299258290563751,0
1.8152538868447972,-0.4664857077489092,1
0.5649935392011003,-0.21997644126123278,1
1.7632287427009934,-0.5274398254439798,1
0.9020111982630428,0.051681642692211816,0
1.1905071749116543,0.5715212419819758,0
-0.005398979892754355,0.21418077957111503,1
0.1751537211874551,0.7676921009236204,0
-0.7363570460453255,1.042946082471897,0
-0.6458826929135839,0.8656295005786235,0
2.0377428911208995,-0.20139981193905757,1
-0.9023851428550501,0.5594941994290945,0
-0.10515124110868174,0.9738506408539194,0
-1.0898740027313152,0.07546977007885139,0
0.15726743076452232,0.06165471336235365,1
1.6393554274174758,-0.13756912793799272,1
-0.8551885117209581,-0.030447810349031157,0
2.0684319577631647,0.4495503798516971,1
0.9820940491303786,-0.39634332604350675,1
-0.9644763578786815,0.10700048085718702,0
0.5616551977440302,-0.29023050960444624,1
0.9229021475478514,0.4915026421217132,0
-0.7898252031237826,0.5825116056859476,0
1.04432689685054,-0.334706955828366,1
1.0318856400495284,-0.47142565834527833,1
1.4465063410977121,0.22341509891254957,1
0.3329602011616026,0.6006172973824171,0
0.6683658443492845,1.1945973276961477,0
0.9338187245077547,0.5568494118424586,0
1.3693163804346675,-0.4939126799443254,1
-0.30167097252943265,0.947486992037913,0
0.6622712264849768,-0.34158556839726106,1
-0.5650500161216766,1.2422858906650052,0
0.9568004090586788,0.11617501490718041,0
1.6947594861094646,-0.30454293908515895,1
-0.1584576103665803,0.42514375584896025,1
-0.44284752645567593,0.86787399880305,0
0.010516554255644184,0.5098005006229245,1
2.0930812153673357,0.3606411096066974,1
0.8904069384433335,0.292972003987317,0
1.1325695289492448,0.29504133390905735,0
-0.8076195124900267,0.3877541954923281,0
-0.710749216838258,0.6185858303865754,0
0.6494874397466258,0.6979151022531075,0
1.1221117421074762,0.019709571473716492,0
-1.266880700578689,0.1566088008126687,0
0.7669400793876855,0.7646456109259258,0
0.3930622262334874,0.9396479167443009,0
0.788449689244814,-0.5388799055453228,1
1.8407798558143207,0.3271768793340548,1
2.023804259758596,0.4443105471917804,1
1.4969647138439839,-0.3757026590030192,1
1.4243431553757326,-0.4289277246580077,1
-0.8692032490960971,0.7934068968620089,0
-0.75775855431163,0.8806035294999011,0
-1.0441331915041183,0.12490076383324637,0
-0.09454607029183032,0.9648120870354326,0
-1.029197052527899,0.2938627816725371,0
0.4920640210016879,-0.23834187793752534,1
0.9171547477198498,0.1403760195237279,0
0.31930480642121284,0.9763465325582262,0
1.5874197268815795,0.23213166867631735,1
-1.2281918062769301,0.10646179073569798,0
1.409276259450227,-0.005538864764397522,1
1.808955795975561,-0.35103576846485435,1
1.5642441925050115,-0.4364261504807218,1
1.6441800056835756,-0.08636464990196202,1
-0.42064839573546997,0.8839367716006793,0
1.283896761265862,-0.11471627266605569,0
-1.214074432239505,0.261231724908217,0
2.1922564051014812,0.1473794258079446,1
0.15289587215294725,0.8282664626185892,0
-1.1144392080966465,0.3197431743274303,0
1.8218284338064947,0.3151146274321036,1
0.4299534818456015,0.8216581549817453,0
1.0147717187787346,0.19972673547888065,0
-0.07720458525987575,0.8034588287735399,1
-0.870618662546536,0.536838878487045,0
-0.16248249180055818,0.531328466196125,1
0.9968013120317205,0.1663267300032961,0
2.0809980174210154,0.0906448910443402,1
0.30441273447746675,-0.03218719093472107,1
-0.16028787744650327,0.9613709742938822,0
1.3672845841461247,-0.3630858178148584,1
0.4129142883709078,0.8438790010339489,0
-0.3415000792621673,0.6242154546974885,0
1.2419036468858722,-0.4304063872448857,1
1.7037642648367046,0.1328092527621634,1
1.887556257782116,0.10871367546560565,1
-0.943108051025582,0.12133556831462503,0
0.263092338069201,1.2346411575938827,0
0.635408481737772,-0.5757053902138103,1
0.48229955219843806,0.07272221333155529,1
0.9744943784427741,-0.4625279027592694,1
1.3548696075653575,-0.15818590058656906,1
-1.057241980450852,-0.004810310284081798,0
0.15642850509345269,1.301913343183258,0
-0.7239210851057386,0.9670218778552235,0
0.14554538691407146,-0.32195911882884753,1
-0.6279446901975705,0.5242965032520472,0
0.36406983701592643,-0.03365670538842294,1
1.1250396679088939,-0.7672950085113451,1
-0.16076387166578196,1.0962070473935144,0
0.6759737613964327,-0.5309359695316558,1
0.9441250369685381,0.003263731288948607,0
0.38848237125348484,-0.24462362087718553,1
1.1299074209713837,-0.37786143394301486,1
-0.6495547036651073,0.26581114271974626,0
-0.3350137679571973,0.7409559282387258,0
1.0696622157025806,0.4899066931759321,0
1.600055025301153,0.16101967877871767,1
-0.7992682704421595,-0.27002477094499955,0
0.09439013780395075,0.6563160359775964,0
-0.5816195961564079,0.6742548036084504,0
0.369975995600752,-0.22180226204880854,1
0.5857954392230418,0.8258265665766503,0
-0.591735175762815,0.8796059183432579,0
0.7601896682814953,0.6031437273179492,0
-0.12103609537299083,1.1139957691100602,0
-0.24037395905964648,0.21810876135030424,1
1.4061529625795803,-0.3916062991738531,1
-1.1646663412197045,0.1888315757797683,0
0.7311106852254343,0.5418669826102456,0
1.7874566970310988,0.33708807235797983,1
-0.9369132287143732,0.7410384640769021,0
0.07436346255361098,0.13221925282942026,1
1.8987951850538802,0.12682133770202256,1
0.31930716752532584,0.537906065914245,0
-1.096207154171482,0.49487203823213977,0
0.04416079129173278,0.3628425604123514,1
0.3552114555405249,1.0123547227172367,0
-0.8794931622744069,0.6591873051176884,0
0.9436592023066478,0.2410517517671016,0
0.9554219357249363,0.20734676708803093,0
1.7542855915227995,0.2529870098895449,1
0.6382970196693014,-0.5340398388107281,1
0.0764022860220161,-0.21310905471216557,1
-0.7793269489203326,0.8521478463280465,0
0.13696303763921644,0.26353241663970384,1
1.997675340385333,-0.23932938515659175,1
1.8467560068517073,0.40888632167646366,1
0.5023978122124552,0.7147368464775814,0
1.6824218503549055,-0.46474373696542803,1
0.36543584828971903,0.6602301733219218,0
-0.9780552412817078,0.5037947325319245,0
0.27792818371726924,0.8622756943925576,0
-0.4716208734754396,0.8672361801069299,0
1.6892444683041767,0.30744918643670066,1
1.325975958275842,-0.3354920367807336,1
0.7118535992275223,0.840013530469094,0
0.7822859181758994,-0.3411191275583546,1
0.8642182185166197,0.07750594424597695,0
0.17549635837395833,-0.3800686724822916,1
0.6734272512027873,0.6360868676900503,0
-1.001005382904307,0.7236674196189524,0
0.9386121163002876,-0.6043310151035647,1
1.34219364880568,-0.7594182046899352,1
1.7470359618465678,-0.36900787332640944,1
-0.10355870681476653,0.6305736218534117,0
0.7358408433296735,0.4965907099009568,0
1.674465375646172,-0.18055667141403153,1
1.2224051846519715,0.5835380699320414,0
0.2706233950980635,1.0597490966980265,0
-0.8941353776903309,0.40109490895992717,0
-0.7315346941554298,0.9136140812190967,0
0.7128299797553062,0.46847682386924727,0
0.9696690487018611,-0.4421179542520372,1
0.9102613044789434,-0.13170902824727254,1
1.0493317104968316,0.514453374508515,0
1.0020299735308955,0.033366842701496424,1
0.3319256445442067,-0.4760591330472087,1
0.8117408548232554,-0.3599953299755937,1
0.8926370664003928,-0.4723338324479236,1
2.0665052532886747,0.8080843439755959,1
0.01769928672985759,1.1287039617110475,0
0.6837281771899624,0.3519379750593585,0
0.29053467339614664,0.7799854710767969,0
0.7009951291586942,-0.6824179218147812,1
0.26671026408411147,-0.13395222691041106,1
0.5049244677723278,-0.3596546769670432,1
0.2734359557467265,-0.3405291421440815,1
-0.7506697092696518,0.0884274344415548,0
1.5448581926903142,-0.31238743939511193,1
0.693972996375596,0.03786884757264002,0
-1.054569783013355,0.3323362083599077,0
0.3104553419340691,0.7307304564495614,0
-0.07014864779684019,-0.1401878130880097,1
1.5708447587583017,-0.3771486941507518,1
0.2667845504568718,-0.6241567960246804,1
1.841511975383144,0.3485429450424149,1
-0.04633463896171264,-0.22761201903727013,1
0.16705167122660955,1.2351790140110286,0
0.1324371317266816,0.24269251767697592,1
1.6081623533090972,-0.7567893135897885,1
1.675930758838973,-0.06137513203346705,1
0.2835811635559125,1.176994113999128,0
1.8587007005115206,0.0696007677783112,1
2.1147917742780695,0.6769451326368663,1
0.687897999539236,-0.2647555001059233,1
-0.8351486118730367,0.7530625105761385,0
1.6516122532828112,0.10317132584873331,1
1.1504293251342448,0.09695157678495403,1
0.21246765182990435,0.09173636427859147,1
-0.9088273806396951,0.815188868328634,0
0.11572824427997175,0.9299849085430042,0
1.9949259843383522,-0.3577415062392816,1
2.482483128165036,0.5615088913072349,1
0.23288704132388172,0.059658444397935384,1
0.17151248859204432,0.7557595498267657,0
0.8799929798681084,0.7859580227336611,0
-0.2797374177093184,1.4159372885873942,0
0.1874854700081264,1.2076116589437933,0
2.1655914575724733,-0.4863984700229982,1
-0.9765953049197948,0.1373699915494323,0
1.1194557740682525,-0.6484513685174974,1
-0.09863639190095846,1.552383065686433,0
-0.34874260805717927,0.4972121488021566,0
-0.8425259111984521,0.1594833663486313,0
0.8323944953727078,-0.6651458144173241,1
-0.6178147093668739,0.44316736130387335,0
-1.0456008053572499,0.5905172490274238,0
-1.207323995500786,0.5343770004959336,0
1.6088317488320532,0.33522781766930115,1
0.39661052424976734,-0.07147255623456628,1
0.2211056842685969,-0.28026752692908075,1
0.9576743129362336,0.5948700544154009,0
1.9076908673247233,0.39631309808718596,1
-0.012717713852030146,-0.0731433017209075,1
-0.7377744263987591,0.7654560292618076,0
-0.7988682032245872,0.6076845764551381,0
0.13755675937783707,-0.3245415271644974,1
0.1372359101644421,0.9707166621150056,0
-1.0802759702445748,0.5706335298131269,0
0.6641274691495902,-0.32281085300232576,1
0.9313106724717252,0.3097415708871236,0
1.2662650152809107,-0.24284363665969225,1
-0.3502086629210939,0.7254859961999841,0
0.01768725722902642,1.1571291608970267,0
-1.264598312349089,0.44756502380947594,0
2.0652117543511714,0.587579574658105,1
1.9538286988831108,-0.22582140270416617,1
1.2023011868141102,-0.566941525031414,1
1.906861172444795,-0.34372705628842415,1
1.3736082795737032,-0.4024898021936298,1
1.3032531877959703,-0.5656619128276394,1
-0.49963002015981933,0.7263137789038503,0
-0.34253768556250547,0.686757144967944,0
1.0537395397877445,-0.5616536530707771,1
1.047304338293769,0.47685448497673855,0
2.0119488561699512,-0.14889000090116497,1
0.46567128779561534,-0.4682660363263963,1
0.9841181564104436,-0.6478153323845001,1
0.7224977393719917,0.5713500500399117,0
-1.1300307650614387,0.6164594111502969,0
0.9237940714749616,-0.753239477184576,1
1.6512846486043657,-0.039663504599509736,1
-1.3367495074106883,-0.09187812537693289,0
0.4615399861814864,1.0502253421212264,0
2.3418011370345004,0.16768084995683474,1
-0.35054782952592156,0.8323864748291252,0
1.6670590688860187,-0.3872919907578981,1
-1.057430265810783,0.16227463085205363,0
1.1348856331978818,-0.44531584531160157,1
-0.9550192921545929,0.19236038453399165,0
0.47016083638444195,0.16950160071261156,1
1.8870164650348464,0.07802317738129522,1
-0.7324155500445645,0.6980554848076845,0
-0.07003029053714499,0.0826555695869202,1
-0.018719720436952393,0.9067570903182705,0
-0.3434239619365032,0.9801765543059454,0
1.3660074502754356,-0.40749562073773676,1
1.4625261688792235,-0.10692388562245281,1
1.3154443901288402,-0.5746268910266393,1
-0.028465030114376844,0.6081427419477268,0
0.8795561256937666,-0.4735312286373276,1
0.9193166394442776,-0.06677342207835157,0
1.5878967420585206,0.1466686819210749,1
1.4578640717394238,-0.5038924153700075,1
2.0102629246708403,-0.4463946685456914,1
0.5314473210341575,0.8861217289883424,0
2.2431687182499562,0.43265582946000747,1
0.3767278666917573,-0.3361183878495462,1
-1.223991961639272,0.3084449545585214,0
-1.2399504559369319,0.44945712628936274,0
-0.5554152268981235,0.036061563855546055,0
-1.064184672466105,0.9506483838694477,0
0.8901432021368091,0.4220493347149898,0
0.32590590730249297,0.8590091171393258,0
0.0015150094169860337,0.47322794682333363,1
2.0639281306116084,0.6851605357906816,1
0.341197808820654,0.8878909958610667,0
-0.43150923983169687,0.8524119507937635,0
-0.3547687268545548,1.0110837554773902,0
1.703488962310177,0.13835237884549673,1
-0.7756960711900344,0.515658750253402,0
0.3771809768033386,0.9055162863927727,0
0.45639739578284444,0.05695848175061283,1
2.2028198971146207,-0.127089674183326,1
1.103014764981132,-0.5540473637072987,1
1.5764743291986145,0.2520314293647903,1
1.545217167595885,-0.524589626203936,1
-0.023809985340652137,0.04708969100356816,1
1.093887671720058,-0.4253679103215572,1
-0.20334144661889586,-0.12350524662401756,1
0.24185170662375044,1.026788091076415,0
0.019120722275761302,1.2762746664801983,0
0.5974667880019431,-0.6966351422718878,1
1.8719169098044974,0.3341210511158832,1
1.3771833964443945,-0.5903988545174712,1
1.7399801934191976,-0.030436279641591568,1
-0.3079906784852528,1.152319633397033,0
1.7233273364602528,-0.08337940774092617,1
0.02078597306356704,0.16346943259915228,1
-0.46986076416813327,1.0368736821057811,0
-0.28034034646421546,1.1129178757258094,0
-0.680556359975257,0.6290279744087705,0
-0.8581669754410542,0.5918661803326555,0
0.40549811558555204,0.849774067904892,0
-0.9183259782809507,0.13671540435256999,0
2.1734241713393674,0.23216045031865623,1
0.17160182088488452,-0.08860548505956017,1
-1.106830451725381,0.42396739046570364,0
0.24996486905374957,-0.2738079486132595,1
0.6426789178975438,-0.41626592997965006,1
1.002460757578829,0.16525769099621576,0
0.2725035475359623,0.8063071035640034,0
-0.7794101335623878,1.1102587324136142,0
-0.383173727665238,1.0529413559669039,0
1.0382321853836902,0.37723927230154625,0
1.3926212069006672,-0.4532441720578409,1
1.081355877255994,0.5251321978564532,0
-0.8870925983962245,0.04124919558619172,0
1.0644680472486403,-0.6529624463381039,1
0.07965359062414169,0.23505760736800765,1
0.8958896710265394,0.6340162970797703,0
0.9626428424153051,-0.6297846086683309,1
1.7756107265169285,0.1527412125090004,1
1.0638233871487566,-0.5680025964309651,1
0.666254486066505,-0.549142433279687,1
0.2332956022408739,-0.21127591094713594,1
1.7716453851225074,0.5173382240681225,1
-0.007055031892548328,0.3521917594210906,1
1.0027880839495782,-0.5723801421712081,1
-0.6055756938193921,0.443990085374387,0
-0.5775599203867946,0.9245887021282877,0
-0.49346369894808667,0.826429887526963,0
0.2132912740086118,0.32835436227458414,1
0.10286617256375025,1.2621468055404055,0
0.18811382620325906,-0.3132517210723333,1
0.4053824675780927,-0.40201898061772534,1
-0.06489234065154534,0.04878920788828173,1
0.1492452460483741,-0.22741022626609864,1
-1.2319607013667015,-0.10572325213794606,0
1.876615090646492,-0.12104099237678959,1
-0.18423627501142065,1.3100068110355148,0
0.7869165783056788,0.9912662990366771,0
1.35643686030126,-0.605266849323103,1
0.698474736553445,0.40227238851658903,0
-0.44238357110534915,0.5690725354790195,0
0.31926341755744103,-0.05027416785119243,1
1.8014682473570212,-0.41406206832802983,1
-0.5450520505173739,0.7985789103479766,0
1.3684412633828693,-0.6210071906342213,1
0.23599778163879542,-0.3779400000493636,1
0.3327743821781224,0.07669728080768909,1
0.4609558250434116,1.0576810759124748,0
0.5115708486569985,0.8190523384642779,0
-0.16974577564231563,1.083923243785245,0
0.7138259078671128,0.0413594055715135,1
1.4216255481816056,-0.6057822181179537,1
1.952812378337725,0.26057158881316383,1
-0.6397430323716102,0.8324144513210191,0
0.32927910462396626,-0.2804540104493724,1
0.44357126400276015,0.2220336733967456,1
-0.06099046342512575,0.3604741685354517,1
-0.5512068946797171,0.7611080017458203,0
1.1432176970449754,-0.14970127641652115,1
1.6074590694851771,-0.36050696680843225,1
0.25557158639229205,0.11311087234048316,1
0.6371234963036576,0.2987768362884093,0
1.6450428286041427,0.023675115031438335,1
1.8976225317,0.8886008769272493,1
1.1243103693430203,0.7433441352138509,0
0.2133383579686513,1.0342931965492708,0
-0.8676206674459135,0.5232621582550496,0
0.5747281997823871,0.6295970219547972,0
-0.28949131121090355,0.7586646159342962,0
-1.0898379456529494,0.5945936280802208,0
-0.7377459175572071,0.28569367087569986,0
-0.0080508415792373,-0.25599187766656245,1
1.3327111526358515,-0.4849078475940347,1
1.3994063014288325,-0.4560663867838891,1
0.32110690262020636,-0.27958717572059144,1
0.29780518572872255,1.063295049104169,0
0.34853748975071386,0.09783292368849855,1
0.9560084430801012,-0.4125758679368977,1
0.4447215962855599,1.0588365999492644,0
0.07926636827697273,-0.04065903907276151,1
0.6744962453549375,0.7190123064767688,0
0.2907207128652661,0.8143754997348063,0
-0.4689546506226503,0.6306822001492283,0
0.5364331448873934,-0.3664726890732183,1
-1.132738896404804,0.650569313684011,0
1.7482784931630688,-0.30999644652872005,1
1.6290673964764972,-0.21637032375571635,1
0.06575345868812345,0.0503292891768094,1
0.13973019490268662,0.30617206473421366,1
-0.1508159249723652,0.9856681469334702,0
-0.16600896984914482,0.37510213237561796,1
1.54147385039381,-0.6561157474663823,1
0.230139680112838,-0.3924161608776793,1
2.1305643193893338,0.6546340992480646,1
0.21678621468264087,1.2164361602847364,0
2.1277910901641492,0.4171704760132429,1
2.0637652345369184,0.2715360573971949,1
0.25446076030257614,0.4139045604701159,1
0.4558033495844105,-0.2597120259555209,1
0.167947277080981,-0.06527730498607956,1
1.3124551627912695,-0.6810541291506557,1
0.5872239080789448,-0.9049993436010306,1
-0.5548889594912986,0.11131992990300102,1
0.379273066494611,0.899265855866875,0
0.289124866423876,-0.052213971522359626,1
1.979411725632051,-0.050617442990961464,1
1.077423048995066,0.10473097983699041,0
-0.40961405469088574,0.9860828422760961,0
1.1358748179233054,0.004587618008032479,0
2.0458318957181456,0.5634702438668727,1
0.5565527854252356,0.7945641015378421,0
1.3690989459096554,-0.5338199772487151,1
-0.8330444741259082,0.6813621117084457,0
0.19563989763492565,-0.2747945006497284,1
0.3089352256630221,0.04039544043955512,1
0.9165722944267111,-0.7886168236685225,1
0.7625059886678992,0.14499165553461935,0
-0.2669557146558868,0.8600178385831747,0
0.8639828789541324,-0.27535841517004933,1
-0.765174243782867,0.11828711970333936,0
0.466074512337988,-0.6267716594689676,1
1.2221180145014932,-0.227295503164652,1
0.5770260791284492,-0.46693230735882757,1
-0.771194527758755,0.7729743203217977,0
0.8246413607990092,-0.4170048045360695,1
1.5787196119193154,-0.31348488049863665,1
-0.3288363969523453,0.9619075314640233,0
0.5516919246920216,-0.5664944076817632,1
-0.9868276200120653,0.08428467195965456,0
0.08197889054503249,-0.21476182688708578,1
-0.15451000984893698,0.9901637699596743,0
0.5556866999603534,-0.7604767916879919,1
1.140465849632243,-0.6403150438013656,1
0.28366032778096417,0.5351258617319249,0
-0.7493326878512504,0.18723479690503497,0
0.5617934929435626,0.727435603884445,0
0.20612545578321909,0.10353569203585045,1
0.505446000231447,0.40765399371156175,0
0.8115852668887604,0.16388892472117064,0
0.6215207794710376,-0.4165572448863667,1
-0.5397542007551134,0.4993364873664202,0
0.8013940268787907,0.43051422929107763,0
1.1981160184461581,0.40445475812139214,0
1.037694040680074,-0.6754315132499601,1
0.4080381511756927,-0.46763307565138273,1
-0.039906060098989116,0.8360791909589296,0
2.0312154243140625,0.3467710279529792,1
0.206946812235981,0.6286110494715841,0
1.026564673426972,0.17744953142176795,0
1.5786668904123604,-0.21684581843613704,1
-0.16868747675641643,0.8957839915229947,0
2.397558028996671,0.43452313900691397,1
0.824590948613064,0.975469084876412,0
2.2582582277147574,0.1725585358441256,1
1.9837704613113096,0.008466237335513938,1
1.1498060640417136,-0.5574425097661723,1
-1.1835372944476867,0.4728802804991257,0
0.6240948787851303,0.6998625620854741,0
1.0813236373664652,-0.30395895978784226,1
0.41373827323553625,0.8121642604335104,0
-0.47680748952324636,0.7104740000653147,0
-0.2527472352386468,1.4182851518057176,0
0.07378258072202512,-0.1840063097081014,1
-0.09103574147765403,-0.32501899685441865,1
1.1650616579642998,-0.43748802504328144,1
-0.21765057867840826,1.156273116436854,0
1.1761410667572574,-0.18264299422641467,1
1.2871040764548063,-0.48629695914015214,1
0.1567442082397567,0.9955127785699098,0
0.3163003335354816,0.335575142611404,1
0.8533440720599348,0.7900244133679434,0
-0.2641606927501376,0.7240338693743075,0
1.1591591004669073,-0.28597100297378775,1
2.1172291475198244,0.4595787457403301,1
-0.1383356493507863,0.04223211738091657,1
-1.203078602460423,0.05861543347192888,0
1.0624030121426817,0.30221567414897876,0
-0.48347834069786133,0.6525993175660841,1
-0.07077206120483849,0.6285395947281581,1
0.33878528964273963,0.20183118796743138,1
0.7551343192335485,0.9673301690568986,0
-0.1660825814077313,1.1551230619872979,0
0.17532126760762348,0.8454970490097226,0
0.12667580708307527,0.9823167770419352,0
-0.728869548374123,0.6638379472416316,0
-0.8143354409454567,0.7502396058897043,0
-0.016441743496609016,0.5895362495751537,1
1.5157699459154441,0.06185219043315482,1
0.4888476883024414,-0.4610297970502405,1
2.0465158586089296,0.2555106868654379,1
0.34723205261256496,0.9767218557826572,0
1.513043851627595,-0.4817724953884517,1
0.3214216221116867,-0.027780102733630185,1
1.044434866294646,0.09864337781611898,0
-1.0295926043283978,0.5049599687642048,0
1.0585760042026866,0.5218894267461651,0
-0.7065676025720731,0.4259013461221614,0
0.5159882943115721,0.7708666699105244,0
-0.677099543832196,0.18463820344161339,0
1.2108200990413966,0.6800512850319776,0
0.399278373838946,0.8415385272574131,0
1.416163545369389,-0.16939830859250382,1
1.0127207240651142,0.5663973365818218,0
1.399166424331138,-0.48282016052173177,1
-0.8616457884826879,0.49222364743206903,0
0.6977261302072685,0.451160043210614,0
0.6583302926829513,-0.8393696949986871,1
-0.5526586407524965,1.164268322793367,0
-0.7883903899540218,0.7759551258667049,0
0.3854002671095367,1.245501861941309,0
0.009851187137573658,0.7527173979365462,0
1.7842634903718892,-0.09947807332602258,1
0.16448053485412226,-0.36742292984868863,1
1.1419239118530955,0.16562544736536955,0
0.42779648147291016,0.614017838914571,0
0.8208570047982442,0.5920001022175352,0
0.08746314652490517,0.871531377872496,0
0.05250172468651908,-0.0625152586444443,1
-0.5844176971605313,0.6244763592672655,0
-0.1850071400338567,0.9009447954022894,0
0.8753787602533082,0.7716592328840765,0
1.9957399877798463,0.11132217599936187,1
1.4513035627185435,-0.3608372662207482,1
1.8660721081863971,0.10883783560733323,1
0.05387098500261617,-0.5253159413171501,1
0.4744183438885762,0.6057398994330054,0
-0.02060441262122903,-0.1502898971631138,1
-0.35042181709291365,0.8700836418658369,0
0.8503230937473589,0.5432620279568878,0
-0.6543633603982153,0.916460521775524,0
0.5145504657345921,-0.48334578057976973,1
1.5013213643774144,0.00035161191041183093,1
1.0735699381124642,-0.19615522899006624,1
1.2028475968739318,0.8499806562685461,0
0.2825402028809243,0.9293432980010677,0
0.806755738426691,0.5877895316496327,0
0.3653917746955997,0.3116139095988168,1
0.08991850281471894,-0.38473251993907476,1
-0.02363643879668073,-0.22699614079057706,1
2.2791776549824556,0.06951933556513201,1
0.5499576650426807,-0.1511813647182809,1
-0.8071688616781435,0.8613709618025236,0
-0.03485761300935214,0.6803280432651927,0
0.9724973574897604,0.6277507649803732,0
-0.49570393300891935,0.7042759640411709,0
0.671970700234853,0.41890330901192135,0
0.006485590421389114,0.2927850740947174,1
-0.5402387555181001,0.7843500125883751,0
-0.4026854801393616,0.6921442287740058,0
2.1122945392864136,0.040264089980697956,1
-1.0156613757022355,0.5327755571764733,0
-0.5895577056560082,1.1227501485119125,0
2.240296492589261,-0.008719743599634913,1
1.1275652897194952,-0.5827738639423342,1
0.789564439028171,-0.5053970997407933,1
-0.4697518207333903,0.3854737119255695,0
1.1110595916332402,0.6564617251339153,0
-1.052143407195218,0.2766214255866464,0
2.3151857907992035,0.9007016754657351,1
0.48083829865803424,0.3229903155103896,0
-0.7053590039040869,0.8161449379881177,0
0.4106269366255443,-0.2914956868307679,1
1.806653638240627,0.42157961379281106,1
1.634233468201841,-0.08817008259211065,1
-1.0039226556862881,0.2404620006573165,0
2.018959918275391,0.3645071284584299,1
-0.7011130870258946,0.6868169708846198,0
-0.2321341883531831,0.9973092699308671,0
-0.6658854688412285,0.7725151156884407,0
0.5427794720850391,-0.4796130877556324,1
0.5345117367312309,0.4117154788811729,0
-0.520213211465887,0.8178958397611851,0
0.2895345723311055,-0.318927966970156,1
-0.8660371843398134,0.20745002911089083,0
0.9946498884477365,0.5224511254671867,0
0.5201633664291704,-0.08414209888551787,1
0.8980204388563102,-0.8309181754458705,1
-0.6743779806934209,0.6713829413775394,0
0.553204219034507,0.8397045815852544,0
1.3914095539389897,-0.5464934830676978,1
0.6919249006774922,0.05098331655390409,0
0.08689218398426819,-0.008214225296017882,1
0.3328629313415437,-0.16211747181274772,1
0.8057458240345512,-0.555215775984482,1
0.8918235778873784,0.5315847167095228,0
0.29676713057833637,-0.3478805697866728,1
0.07633492624686913,1.33314194689282,0
1.1659389145780832,-0.37426944116019045,1
0.5378987762740349,-0.19426325252048435,1
0.8512253056468794,-0.5027680787908217,1
1.9626505509256413,0.009283491956821103,1
0.04221223317937828,0.6539860112200011,0
-0.8958430310872978,0.5048902570416096,0
-0.3189671985193858,0.6513907954970362,0
0.9283394982523846,0.40347533948842856,0
0.03367686775801748,0.0011088298986451361,1
1.0424136441269816,0.20257147588951896,0
-1.2396969263274595,0.20679448892315214,0
1.056965184381231,-0.39784929087597515,1
-0.032462728346435876,0.8645019517752096,0
0.5572080465419829,0.4802554633765735,0
0.1283548499838045,0.1874130334856186,1
-0.5643778417678177,0.6540383190947109,0
1.1860478188004027,-0.10306982911108303,0
2.025133387272057,0.06342550343767947,1
-0.7562942875720363,0.3781755045972003,0
-0.1488027222800556,0.7891036261401797,0
1.0530557972084296,-0.28953867975832653,1
-0.058511149824523635,-0.027183648473802224,1
-0.8270435651082765,0.6178424962809977,0
0.8286830136318225,0.688301647010612,0
0.8310562500043094,-0.20419186538176176,1
-0.13042108915877454,0.043844642168213176,1
0.7111403136312389,0.24252211479337982,0
1.2315445517289765,0.38735181813043507,0
2.111382044817081,-0.10473181201175055,1
2.1668137360685247,-0.15627736567064934,1
0.10526049010417883,-0.0009034543056731653,1
-1.0138382402011952,0.25768951777582183,0
0.11528206966056367,0.1984991287863896,1
0.9475764407529064,-0.3476334526476297,1
0.8376653078470283,0.42404181183226713,0
1.803619085859231,-0.1321059650379076,1
-0.3556541205499807,0.615018378135128,0
0.8516753435462605,0.8572189911929938,0
0.07826894148590399,-0.2925573841881293,1
1.238064764358635,-0.5715809627912035,1
1.1942574483030013,0.5624311287889942,0
0.1425085371260072,0.3620816961458567,1
0.3626651133067565,-0.3337687797452761,1
0.1373933363452134,1.2561707892559975,0
0.869579292990522,-0.7550199501683261,1
0.08323415829714292,0.03791635452050335,1
1.1742735011453391,-0.4815745150082764,1
1.9584261554566675,0.7344909885491999,1
0.29173832128780564,1.29943916161189,0
-0.9704288266070331,0.4250847034422413,0
1.5658204546992507,0.3245310781675288,1
0.9858646589478552,-0.4321862545813812,1
-0.13037246624176976,-0.1560188216439229,1
-0.7710165111431646,0.9182142311632813,0
0.38564877069323966,0.6320140226748335,0
1.0864030793232493,-0.5176943132431591,1
0.6642237153038122,-0.6822192179741926,1
0.9779368423470212,0.49162257932886444,0
0.9022573949805905,-0.6653849719126719,1
0.15783108670362792,-0.19285720801061962,1
0.44204758219675055,0.8036896488646023,0
1.27388292529126,-0.4008335777513993,1
0.08478264989509204,0.09789961611984607,1
0.7282247176629804,0.5452274886567556,0
0.5353148082264221,0.45449595381554136,0
0.23230236687169198,1.116102459539971,0
-1.3227377306358412,0.26397830822394697,0
0.9714571348166892,0.9200226053000591,0
0.05966621002458639,-0.06798750059249932,1
-0.7981115236333716,0.45366804742094585,0
2.132566669731749,0.3992544639206849,1
0.3533418884952784,-0.05105524343283463,1
-0.6862630567621543,0.7754184162804032,0
-1.0470914557016815,0.432887058490467,0
0.11021595679477778,1.1404526272253868,0
1.743187544918379,0.5964473699045152,1
0.19709426911211478,-0.20261188861045037,1
0.2665670103199497,0.04174720852827049,1
0.7598458673009089,-0.34829850076680974,1
0.7230544357638188,0.6400750669878557,0
-0.6069211726641042,1.1722785481150066,0
0.8845552101790634,-0.38247075464901076,1
-0.6568169374111243,0.5744210619600651,0
-0.007024514704074711,0.27292556922491074,1
1.9477038408994916,0.3041865727053181,1
-0.9891100172412235,0.37393498177166196,0
1.4953863923075876,-0.39845837208553464,1
-0.4258683655916313,0.3885582402504407,1
1.574210033398879,-0.057839647377455713,1
0.7793840395728415,-0.3833946504661244,1
-0.5222824966318881,0.476268358959534,1
2.0813849806829934,-0.0032754215157517613,1
-0.5875093673176394,0.8889116465044551,0
1.5647366998164156,-0.3502649235703946,1
0.969135062298846,-0.6581917334565395,1
1.7940922503360965,-0.2608662457340521,1
1.959085749218172,0.8473862066467277,1
-0.7361412537066209,0.3458921362281638,0
1.8214161486280351,0.592341542503677,1
0.8578505322355644,0.403472565805531,0
1.5956557655728267,-0.7925874954382581,1
0.08043375037292586,1.4185281030629737,0
-0.7787010960146612,0.09567880570915427,0
1.6424034166465804,-0.19603299354715195,1
-0.5625067739790104,0.6773381283338414,0
0.001747855631135914,1.1183412969591042,0
0.952678316477484,-0.07770601644986161,0
0.476161637992139,0.20015974069323472,1
0.08390698798338234,1.1420408797945765,0
-0.2954179401719673,1.079076603997257,0
1.7089309363657694,0.1667132725992506,1
-0.26874674072999516,0.6844543478590699,0
1.1841656235326075,-0.5674400404858073,1
-1.124107121258349,0.6662080424026583,0
1.0997237084112654,0.6867518789235529,0
0.4662030141737664,-0.26710903647710715,1
1.0108922110963954,0.38762642315402907,0
-0.06900783458034673,0.9669437456029073,0
1.3612665504669532,-0.4733396686323571,1
0.6735061960358519,0.7010804155775024,0
-0.1409863214082099,0.8709038995022875,0
0.3445736511368026,1.213909877147917,0
-1.2195504796009633,-0.07305992019700619,0
-0.7372905196973101,0.39589113879233767,0
1.769873500575719,-0.5209065126350109,1
1.4044419934851444,-0.12402891119203119,1
-1.1278612572823365,0.17151162923267596,0
0.7416706200935268,0.2714102838675195,0
0.9351299898905254,-0.8373262182554313,1
0.2856745548270675,0.838038977317961,0
1.6086148875535289,-0.0037804758403242045,1
-0.8565314403327224,0.1455657889687203,0
1.9971856449726357,0.283987491919908,1
0.5063585322983314,-0.40028122348203554,1
0.7034980723259617,-0.23803077514547882,1
0.8084802914059896,0.051787829580044464,0
1.2386031517917904,-0.5185216374627005,1
0.9425206425352474,-0.14214126330592197,0
1.102616443907897,-0.5194711512950341,1
1.4605634466383601,-0.42904303010238415,1
0.10588609497632884,0.23973869973181455,1
2.1521381746797523,-0.21185142750478797,1
-0.19738865821263438,0.417328201826069,1
0.6539496324526565,-0.08479524903717711,1
-0.8119938434779301,0.7092246560823321,0
0.44309069397972983,-0.20311158717830632,1
0.31782390555742224,1.0830264294960676,0
0.20492119238005485,-0.00399176556268821,1
-0.5627033324218695,-0.11857195817985634,0
0.6486592213636957,0.017282581183036397,1
0.9880869702696622,-0.5215921900539452,1
-1.2346540633056287,0.32967710889193735,0
0.07288352466669196,0.22221425641804254,1
-0.23857731225662965,1.4200161476878277,0
-0.49201204526091985,0.8568708020659076,0
0.9327237845593711,0.5388174491467526,0
1.6487867375123586,-0.035759496921326905,1
0.25366609622192826,1.0406268374663719,0
-0.8148253926679557,-0.2865778270558367,0
0.6732157262412864,-0.7447562014162078,1
-0.13579758895349492,-0.08087423116463222,1
-0.7746760411529456,0.8099169698708493,0
0.6873189276941946,1.3010564494714774,0
0.4925360697610858,-0.32403460938676104,1
-0.5419123200870584,1.0534241153133816,0
0.1933180973133319,1.1241590047199024,0
0.4325337576134147,-0.020870764997455327,1
0.8444544201688897,0.0034374266252290564,1
1.0365911966713313,-0.25447938505613915,1
0.49016646828478005,0.5680527568149962,0
0.704964998354858,1.0036198157371423,0
0.12364930742328756,0.06152393556929037,1
-0.10127718785862028,-0.40405365475557237,1
0.9216014335960534,-0.1689062587018637,0
0.700381640607622,0.7185389747110595,0
0.8129363962828992,-0.6009768429709057,1
-0.1716362085118482,1.1523484816428233,0
1.7252321553557521,-0.32319264513648693,1
0.4478699288265935,1.07981354047811,0
0.6773717335200613,-0.0011596761079700028,0
0.8157274724471301,-0.685826984750799,1
0.7691434498726062,-0.41428355216147256,1
0.44274269385398846,0.5470991468157151,0
-1.0498091017464881,-0.03720885649898933,0
0.09790799769371371,0.2545323793697927,1
1.1177769713652013,0.511237216853679,0
0.4079635157100634,0.9685402721204508,0
-0.012127020053999842,0.4493920498099757,1
-0.17280605201749924,0.284144830628549,1
1.479736977205442,-0.6237229330584178,1
-0.5873873642477198,0.2386137753924285,0
0.7412327178538046,-0.479288206595628,1
-0.11405447313414147,-0.15055871267920662,1
-0.0422114407710118,1.0526309973736532,0
0.32853290177851324,-0.3677236376771279,1
-0.061307169173776155,-0.05461771827388762,1
1.6798239576858818,-0.3302478172466887,1
1.1370777747788765,-0.7137101656104669,1
1.197101076519879,0.3562366134288035,0
0.35925114293857974,0.9599233724670886,0
-0.38746262407328025,0.8009549861291554,0
-1.2782072690402109,0.3699034028713559,0
-0.7780260452086994,0.6624890097124411,0
0.23077951856997636,-0.37226112179582527,1
0.5765147805210693,-0.39339471807043397,1
-0.5069562496586574,0.7302027703405556,0
-0.39397486577006985,0.9484198937972577,0
0.7577729118018851,-0.7525660400187616,1
0.8831457227471038,0.9137246830637445,0
0.24500191735084906,0.5459422895323066,0
-1.152836527351522,0.3169211919925725,0
0.9461706138718098,0.3465649203261941,0
0.5647092275721085,0.1936764505151585,0
-0.8844254074853076,0.7009624934752329,0
0.9638501113958461,-0.9975132089957238,1
2.129124330211408,0.5973909268548523,1
-0.7774722888921248,0.7626435998860748,0
-0.14118858010671662,0.4474735068093353,1
1.253653119239883,-0.49026036430270026,1
0.529950969319953,0.9746899537114871,0
2.0326616527922834,-0.12958890111544025,1
0.08877888347507701,0.9180211614842917,0
0.7720223494950167,0.5054230389510757,0
0.5016215850575605,-0.346709892800073,1
-0.6467760527156057,0.5117597091867507,0
0.635410919021203,1.0550493900385984,0
-0.8345573057182182,0.7326893496241168,0
-0.9432102046844187,0.4480323815279662,0
0.7584579098366993,-0.14761707975746813,1
1.4805462445102036,-0.6289816332226659,1
0.8383044129493933,1.1135497161867942,0
0.3811023497618634,-0.2815580452400358,1
-0.09997010872637853,0.7738751845379056,0
0.6371773821255933,0.6876017764313967,0
1.3428617302241985,0.00021025067119830043,0
0.15287202506411562,-0.2973759192268118,1
1.9150865185524282,-0.13901572800666023,1
0.8227480004462608,0.5278371955027445,0
0.22377971642313785,0.14859909393380494,1
0.5835790507904615,-0.10535587375244393,0
2.0770988784350877,-0.2304799228615585,1
1.5403387565043791,-0.20554204278130023,1
2.2679714472807775,0.43155862171962545,1
0.4691103232939611,0.9982786177972481,0
-0.3284260097379616,0.48790333218269505,0
-1.3289606791909292,0.28225994687258726,0
1.0116640507830672,-0.653648235987354,1
1.7553584818032724,0.09970805641485386,1
-0.945520371987512,0.21634584147336666,0
0.11907708780589198,0.9093736098880605,0
0.9415132563359567,0.8763201289431048,0
-0.41604595655140086,0.5915531530358229,1
2.2710887920976024,0.2917276238188967,1
-0.023713025266948393,0.2979611410078284,1
0.8144883148844897,0.368745720958311,0
0.659750385158634,-0.24891224163318815,1
-0.8501225457479152,-0.008927003468225933,0
1.1564946051498128,-0.39426243271431344,1
0.8603875144719214,0.03671927829990113,0
0.6195255211414793,-0.5715682986673989,1
1.1104014274179133,-0.5362792142033428,1
-0.7049160262524392,1.09583667448288,0
0.9516467946733488,0.13130526784457783,0
1.0748205908292403,-0.6445666322921877,1
-0.13985736950833152,0.037065946969373736,1
0.20064659999002366,1.2710513024194787,0
-0.005941092731783726,1.2560547697111701,0
-0.7031784764875872,1.1516059596934949,0
-0.19096063423131018,0.22715809430324577,1
0.2705921755435714,-0.04806755381706829,1
0.8624767088969241,-0.44603063987694586,1
0.1303973710617794,0.6472015967715692,0
0.06928394411983671,0.12362147774901328,1
0.8862819800075381,0.9958414742995061,0
0.17300637119275658,1.0322061905632693,0
1.7253717105281028,0.29531778096462247,1
2.000359485635765,0.17761436613778742,1
-0.47676545335196036,0.7565623783821936,0
2.179984634550633,0.37641525987671787,1
1.9114103864620187,0.04308455091859449,1
0.5957335596527561,-0.03434834868361952,1
0.7042129627694468,0.811858627012316,0
1.5649704649329814,-0.5773452854976928,1
1.805898491576739,-0.20526266222676895,1
-0.6381254054898535,0.7486204405597682,0
0.6614068954650073,0.761521878373823,0
0.3299781385060737,-0.37879366261300396,1
0.5986361373186626,-0.3758440269204085,1
0.05578447718625504,0.09221586832578163,1
-0.6977336275924204,0.041429048167308,0
1.8348399033873941,0.7979393906283252,1
-0.11613755429091968,0.6882065728788243,1
1.7867193504201522,0.3754145239674985,1
0.5221166931425986,0.009888607628753307,1
0.8073574333862511,0.7117693359088823,0
-0.8370954093736759,0.8591648073834346,0
0.9327263423327412,-0.23514960573677018,1
-0.6959777951018261,0.6121223832926483,0
0.9656252976431512,-0.13307547172488626,1
-0.5664757285130234,0.17086232014873037,0
0.09752533172645347,0.05459887876142533,1
0.9291187008494795,0.28076939898345477,0
1.4674004943336387,-0.4015204948172044,1
0.9075093803429461,0.5366123881229905,0
1.0377976609922843,0.34347726969360964,0
1.899972460952057,0.09432861806716364,1
-0.8590461158393657,0.7063355733800933,0
0.9387864645842308,0.5838636524580452,0
0.44913500504784054,0.9662461420602104,0
-0.9892485770393508,0.5652739234891164,0
1.7235532286667623,-0.045695460267083085,1
0.627709859666273,0.7422619966610597,0
1.1837597280445258,-0.9786428377791132,1
-0.009673834831582642,0.9435879654253937,0
0.6522860387927742,0.20716061106152367,0
0.7951006720863077,-0.5502470871682453,1
0.7666148938924503,0.5452469788014968,0
0.9127633971582539,0.21925279112281715,0
0.954018724032099,-0.4771394506451112,1
1.505714460012217,-0.6682284365926598,1
-0.8515084115467806,0.23010418302253877,0
-0.7829873607065652,0.7118538636082313,0
0.30179471463735585,-0.32634715225963135,1
-0.4567797221522625,0.681524468822781,0
-0.9150297892990329,0.17820912823769786,0
1.685444952010066,-0.2221547810370279,1
1.4305940358387599,-0.3902525099397358,1
-0.9391085375111518,0.7967955184856692,0
0.6439797605501822,-0.3875787885298722,1
0.7461365555452613,-0.4687981845157637,1
0.7386238588154574,-0.4375478439984502,1
-0.7798270295863566,0.1543648774191727,0
0.8910880743559204,0.1942480148575894,0
0.9298275543629257,-0.42348593227798026,1
1.0412614181307436,0.6224057154232902,0
1.7798079970646774,-0.2844121322253285,1
0.5661233942446191,-0.12452913786761517,1
0.9572812187259907,0.9268094602802752,0
1.0072754694803379,-0.6162792534000261,1
0.21009913361721572,0.8772661835893193,0
0.7080224546984106,0.8888578303586996,0
1.1679383757302426,-0.31684414002463546,1
0.08170597692218799,0.42635260394947,1
1.35904329979711,-0.6834661119217218,1
0.6967925738601559,-0.39430546938401745,1
1.8349838054640322,0.02266305581624012,1
-0.1713903780683263,-0.09479352653306272,1
1.1559775843122122,-0.7285205478513497,1
1.9120080011747955,-0.027281569058294264,1
0.07610492978492767,1.187317742160504,0
0.41469394629599776,1.0724229339911286,0
0.6079287244395835,-0.5001773383857384,1
-0.018318220859960987,0.9053343116160628,0
2.3718955122258567,0.6466037864519444,1
2.325554676611101,-0.04189278909453176,1
0.5977925606163627,1.0614046303120424,0
0.3315809089620021,0.8174739894565023,0
2.291630554316431,0.46751851683811074,1
0.9234238456457897,-0.11868674269863766,0
0.13651212736628865,-0.14433141464001575,1
-0.08709000599512215,0.9277406225384415,0
1.9992438064172124,-0.35761340116539747,1
0.8462255436759384,-0.29497790380217637,0
1.1989265461472052,-0.6517889877030767,1
-0.0870999748199198,0.8092460097347335,0
-0.9282823273587046,0.6179103654733886,0
0.8007444619898862,0.724027473283615,0
-0.9841064066586769,0.1010955727995817,0
1.7095803306842174,0.18727282749539204,1
0.9957628542675093,-0.21953789127453643,0
1.9420965850287661,0.31199763194919505,1
1.8640377358337614,0.0516568421024835,1
0.0708857034658241,0.5660198842940827,1
1.0127097316831513,0.8756104532844917,0
-0.6229535840504923,0.538608878689008,0
1.4396650166338762,-0.40020055964501244,1
0.884634310492368,-0.2702502985780109,1
1.2464925870016135,-0.20840488361679035,1
1.3451767214076407,-0.7143060727319741,1
0.10123366490316851,0.20509238887466225,1
-0.8830484218264152,0.2984781806165473,0
-0.06405463103629008,-0.3706447056631403,1
-1.2887390586890795,0.8158256774346582,0
-1.0419103492499888,0.20427258269846765,0
-0.9075276131233874,0.15256412470358818,0
0.979656689025104,0.975079685704858,0
0.9714696138201162,0.07997159252933711,0
1.2975929238700614,-0.3022569368025527,1
0.7273226800514213,0.37089265344937866,0
-0.7079837941876383,0.3237003670363021,0
-0.25091795943209594,1.0541723774069538,0
1.9470361432681202,0.13222670192583158,1
-0.18268725454370974,0.776885423667131,0
-0.003592547041922356,0.483947362995617,1
-0.4126397522403197,0.8534457073737134,0
0.8250540958855903,0.8491568614172263,0
1.9924140143092726,-0.4744686935320229,1
0.8067507255191336,0.7250691691958383,0
0.7750771453943999,0.30341001296183495,0
0.5916356404643046,0.7354084670397383,0
0.2263139767938384,0.72991225324853,0
1.1343152125507399,0.32987905846122556,0
1.5982761146462092,-0.024374844784824268,1
1.5336507759569964,-0.12019541709516471,1
0.4417837638757911,1.3937876040143307,0
0.46608110729542596,-0.15636486468090774,1
2.169625319421387,0.05595629783607961,1
0.6075253917313898,-0.45795616379719256,1
1.4700390904604315,-0.699982125581048,1
-0.23086325223759727,0.8525223918062783,1
1.5306731274999616,-0.32729691445233644,1
-0.7823554141586414,0.6751937617228235,0
-0.6255302547185374,0.6705901807428121,0
2.037471219381899,0.40119953146597576,1
0.010970398592225372,-0.28089433081225146,1
1.0097962932151996,-0.3183009138462569,1
1.0552111579079364,0.4692634685347639,0
1.0416699182015565,0.018852328527307602,0
1.8552625154862465,0.02602429593947153,1
1.343925299920698,-0.27876601065429585,1
1.5854660982606252,-0.032768115933539205,1
1.7760178897730905,-0.5850706739560416,1
0.18233582219750544,0.9178023602363505,0
-0.9144797642455493,0.5494104128751383,0
1.84271682179644,0.7560088323597987,1
-0.7982722005279037,0.43978914418337667,0
-0.011786528837868099,0.6843873013743982,0
0.1714578245569095,0.9260009989833223,0
-0.04724284357197325,0.9022858261356244,0
-0.27749981933139395,1.0826843071011463,0
0.03252704530267264,-0.04517301684359076,1
-0.6082063584267035,0.9084276785227845,0
1.8664409266845206,0.6604272702702809,1
1.6733506830733642,0.1300145494524512,1
0.3685558911055987,0.2680252285882522,1
0.9057241225576665,0.7149167909959627,0
1.6751816653296188,-0.15830488199717185,1
1.6337293987925383,-0.2653049816759022,1
1.7244437112020141,-0.08029326380482049,1
0.943428056345825,-0.2597122428478643,1
1.529377055451488,-1.2015846008872813,1
1.9191711537430052,0.06856359165843168,1
-0.038960567560973096,0.39218414136006907,1
2.0405440356243423,-0.2633104178223672,1
0.8153827518826782,-0.606916447034815,1
0.7106224959523919,1.2795431214648372,0
0.9925594018638426,-0.3180129396383917,1
-0.2910242455958438,0.8790731489027186,0
-0.9920475626081106,0.4757468607762463,0
0.8636568294069229,-0.47042622030084735,1
1.1354313868118449,-0.5445605037173502,1
-0.11371726130434658,0.855562810234134,0
0.5151639044961588,-0.6393281479453954,1
-0.32839538091161485,0.7868515980588953,0
0.8334225249971474,-0.5910361613572948,1
0.962705603037607,-0.6705212257442998,1
0.049777158018308953,0.4736004636526643,1
-0.6748269163884127,0.38736079874885093,0
0.6114590108980169,0.41902055751807665,0
1.8665561652532183,-0.4988636851465571,1
0.019596704737138586,-0.0875356883783544,1
-0.5547538473496296,0.85809831970544,0
0.05137508838019486,0.9722568095398878,0
1.8581153258951866,-0.014305228362821488,1
-0.5292545362373576,1.0026675875361082,0
1.1099571031682582,-0.5378302683594801,1
-0.7415086947232329,0.7275512699037985,0
-0.9321208527883158,0.23395425518050117,0
0.9109487275233736,0.06271364093016216,0
0.6095920923588772,0.46061053813679803,0
1.9258753740859977,0.38018116952689784,1
1.298584679454593,-0.590926006513529,1
-0.23854207851064615,0.9671408460648372,0
1.2205464824914616,-0.02653390477747708,1
1.423468972798191,-0.3221626506473907,1
0.5217203487376729,-0.6776772532047397,1
-0.1334482303014657,1.0467828790916431,0
1.1466843189250615,0.0823095692757715,0
1.7251976651358292,-0.3017207452607082,1
0.1989473205171749,-0.15702326473925438,1
1.7055705037629956,0.21284331399274437,1
0.458265688879804,-0.1629783169853003,1
0.44805678913511554,0.9545346588292909,0
2.066837564632464,-0.29885337293210196,1
0.05285331401602186,1.1815473176460745,0
0.26987924664697593,0.789936556783653,0
0.15154879355955586,1.03424132753731,0
1.0387280588211665,0.4649913828349932,0
1.0451941232401534,-0.2739787938454136,1
-0.803573293569265,0.19421677828777698,0
0.7699167762584321,-0.48846764839201234,1
-0.08441335055625243,1.1813697394101426,0
0.25654462911798787,0.7250174870921848,0
1.7860036520910878,-0.3269267762354828,1
0.7822282050066502,-0.5714036719271933,1
2.0482381531324316,0.1527022284997715,1
0.10698661072799379,-0.05410883313962789,1
-0.03487760774706149,0.17704219449321762,1
-0.8358246408608095,0.7911805250264281,0
0.9819069959801041,-0.43714957266212123,1
-0.406799783624361,0.8872340587406751,0
0.804351713269063,1.0468929823578996,0
0.9593344913930528,0.08702342074443487,0
0.6276106924722678,0.6321337928297853,0
0.9895052792988827,-0.15300107625569165,1
-0.39411367430747013,0.770633997338331,0
0.6159105844559544,0.5778604021282394,0
-0.9373032202357923,0.12892421041311916,0
1.3267361427600546,0.2606275457339936,0
-1.1535434404972476,0.40881845488839946,0
1.7929534500159687,0.10085070310297582,1
-0.3557343997581152,0.8903802226796069,0
-0.04874084291538128,0.035548956586030966,1
0.9034572277028848,-0.4604495046095847,1
1.118555175386313,-0.4776787287198522,1
0.12901223543571172,1.2229178631997748,0
1.1534677729366132,-0.12864386125306332,1
0.11327955887753549,0.7947309555351616,1
1.4427050224714564,-0.2179501036020754,1
0.8593262192134344,-0.473105704397331,1
0.11455366242657637,1.136833934589039,0
-0.2434461162989607,1.1460033034597938,0
0.34577684900530753,1.062169646808195,0
1.2653183368148364,0.34355542390894445,0
0.5795310105406479,0.3741322207375839,0
1.0211297246872175,0.13691614712763045,0
-0.46557259233066317,1.0017269143841894,0
2.121325813920221,0.08646759786904368,1
-0.36812440054511153,0.6183692182279912,1
1.7504570866966485,-0.15633863485816177,1
0.8737610772203452,0.27338575538165455,0
1.8245332624480302,-0.24482184738991014,1
-1.0755985805434494,0.6004570578029879,0
0.7773312391249835,-0.34363280210926356,1
1.7622716415953494,0.031560701745863645,1
-0.18713643936616847,0.9462554358748626,0
-0.9428344549410826,0.07634714783585693,0
1.5570117972789324,-0.031227657823847066,1
0.6882170446364017,-0.8578901059396069,1
1.030799845498612,-0.33048306311102615,1
0.1309739194818412,0.9868095269358131,0
0.07173346446204493,1.011858173994011,0
-0.897328558804951,0.6571057293549072,0
0.47415388996971297,0.8884180690575276,0
0.3090135542020892,0.04435287140633207,1
-0.15135752852393736,0.2639229226905419,1
-0.04798523626728406,1.0435824415329615,0
0.3045725332215151,0.24580580339690516,1
1.077449505506323,0.5478496073137515,0
0.20770810373129842,-0.2534294624279344,1
0.9876002574329252,0.6851942211335366,0
0.14454607769720745,-0.19737009415819484,1
-1.0814988839974224,0.10679158495313257,0
0.6137607331332346,0.189983878460434,0
0.9546266691471487,0.21756584372141985,0
-0.91122699060816,1.0554051055797233,0
0.35024897875552086,-0.08089430872015524,1
0.4425471206297149,-0.3183019691746319,1
-0.8240020852100642,-0.3328529962855079,0
0.0862129522906947,-0.06672926212032726,1
-1.0058771025705118,0.2525840936672873,0
0.4245692774407827,-0.3112387086572714,1
0.7550808375819804,0.9573388346792023,0
-0.3251461609336277,1.1907633015655223,0
0.1778727307913073,0.9929028801524911,0
0.1693330719909097,0.8126710905203663,0
-0.9748318068784325,-0.16114021663090003,0
-0.06955175735034907,1.2335115955000193,0
0.13306366933608627,0.9717910473665655,0
-0.8849720537573164,0.4317087545717031,0
-0.29607547735890954,0.23049252378831533,1
0.9504339909230826,0.19470514484796947,0
0.8074898277127219,0.9378829167826679,0
2.009601368002495,0.1785582840397789,1
0.022997735917925033,0.28815546939823894,1
-0.19359986658734923,0.18946928022018514,1
0.36215924822302653,0.8359690511790384,0
0.6768048999073052,0.8767771186450414,0
1.7341471303738383,-0.14272000946397784,1
-0.35631489708603015,0.390370223749233,0
-0.9199476695760882,0.652405538314334,0
1.7183551773786416,-0.25700216970784384,1
1.8507609283547894,-0.2116899056711243,1
1.3248716322526914,-0.47211989926201725,1
1.8854197016808496,0.15183328161207044,1
-0.5945576056741012,0.6436725390325683,0
2.31876487543519,0.3203001349365062,1
-0.3680015246695732,0.8574370091943087,0
0.6430570272534704,-0.6303514107369346,1
0.6860343785674428,0.5805314004605823,0
1.5792627441117244,-0.4479264217364863,1
0.6155909774755302,-0.029397203426176355,1
0.6136778777412082,0.82271413779031,0
-0.7883965248124138,0.7269204379857677,0
0.9961059713866451,0.07020975762409225,0
-0.8161661386341059,0.6838035336147543,0
1.631185786835955,0.14807157922832798,1
0.2137311491061371,-0.09679031871928762,1
1.5806655959885871,0.008467740091023995,1
0.6236154616157591,-0.2806609860967616,1
0.16567456259404462,1.1035458971258358,0
-0.6180691072670972,0.5761396263574121,0
0.3148995002480763,0.6497475161021314,0
1.0622164372956346,-0.0693844512268762,0
2.19314739988369,-0.12440197921010954,1
0.5083456546187306,0.4425289000846909,0
-0.3029094870036617,0.9299942455057819,0
1.110784677583577,-0.5842356030318145,1
-0.8454798865518115,0.23974334233642153,0
0.46567184973338543,1.0185779705201392,0
0.47515666786957556,-0.40547860461479407,1
-0.13146886905626068,0.7257232049274549,0
-0.3353953780406646,0.5931377328868308,0
1.1540101226166029,-0.6256360198939641,1
1.5666633854949452,-0.08647323982009997,1
0.6964819015026302,-0.5540616559420446,1
1.5406673289425985,-0.3613860764914195,1
0.7789613058363022,-0.3461696032104969,1
0.3881092277903279,0.19481009668121463,1
0.5456496669335898,0.279714110744007,1
-1.0163876147760698,0.34247663802617523,0
0.40387951564809765,0.9453700184064611,0
-0.5996763547149965,0.6505244171259886,0
0.8048809389212864,0.4522998359310795,0
-0.1510017085209185,0.584059131678611,0
0.8858405203383457,0.25895172159208557,0
0.42200130857582074,-0.3348968004465271,1
-0.3370152988424427,-0.25171671277750396,1
-0.3562736735486723,0.15960022934043733,1
0.9405475512871191,1.0683804637193335,0
0.1173017271924108,-0.3442115453138361,1
-0.7689640250063995,0.8565479184600769,0
0.5720311116019671,-0.9132917178678023,1
0.6659956227242023,-0.4144595116680613,1
0.9740916600910137,0.08813700494990967,0
-0.9056361072143887,0.5786451358492714,0
1.2783927383624887,0.1739476584072001,0
2.1420120998679986,0.34901819510200693,1
-0.9871243665069253,0.18202900743433204,0
0.667131873866859,-0.7310370996808306,1
0.8506612577369468,-0.8578314338935074,1
-0.6343873336344491,0.8893355486353537,0
1.6270996592577693,-0.093348572293797,1
-0.19981242666198595,-0.5063405757208175,1
0.7557914070994722,0.7365856167511876,0
1.2199197516201483,-0.3538165196983185,1
0.2299009957070114,0.5309910721638174,1
1.2017284617521162,-0.16449655205994348,0
0.7718105957837034,1.0350880347612343,0
0.8313974115105977,0.19847656002845893,0
1.3490139661795102,-0.49394173875158465,1
0.23775898340416188,-0.061105135641959296,1
-1.0194042203236755,0.4687878667970188,0
0.8276534355490182,-0.5051287395131244,1
0.06492618762982953,0.6933396563250209,0
-0.43460581729500314,0.947486252963196,0
1.8201734300765733,0.41212190640954494,1
0.8118022858852086,0.36624419605232983,0
0.18399579130651283,0.9325294675494775,0
-0.8599467821095084,0.4724764561913032,0
0.31963698936722307,-0.5683195531531355,1
-1.0371349025855983,0.23353219950994378,0
0.20864509655371552,0.36808535156943534,1
1.3896757318241832,-0.9436612947486451,1
0.5888507639682085,0.8374957802704481,0
-0.6920218244659812,0.5396514348655108,0
1.5646376764320666,-0.20880559938013332,1
0.6073954144478786,0.986833570109203,0
-0.8994799047803189,0.25983900111931757,0
1.7999382096662653,-0.43258631964291866,1
0.6312194294998499,0.5274631348452601,0
0.31444431061660694,-0.21402923666936846,1
0.25886145011642103,0.5311361013570248,1
0.2168389189732982,0.2278283689882919,1
0.29723650315439787,1.1942909228500596,0
0.8150497089295188,-0.38614042805301896,1
0.036646288432045745,0.44227230237021137,1
0.509246267316033,-0.5460793527251305,1
-0.37433466293993484,1.260853387311319,0
0.36843825950973186,0.6975342779322821,0
1.8527754941071244,-0.12837144213287105,1
0.6333979882764113,-0.10095575564338549,1
0.5883610523418326,-0.4022115218032293,1
1.0438195514017403,0.8026345577141977,0
-0.2950965349631729,0.7048478267055189,0
2.0947805795925816,0.42729029751282777,1
1.7254613308659057,-0.07221078697286265,1
-1.0490082307818256,0.5703565300748021,0
-0.7042370852247455,0.5193108479724085,0
2.090113554484222,0.6959971626124917,1
